#        X=           Y=           S=           P=           U=           V=         Vel=           T=         mut=         hcv=          Ax=          Ay=       Yplus=
 5.2812E-01  -1.0736E-03  -5.3859E-01   3.8208E+02   2.9031E+01   5.2738E+00   2.9506E+01   2.6762E+02   2.4787E-04   1.1012E+02   4.9140E+00   6.5489E-01   3.7107E+01
 5.1741E-01  -2.8739E-03  -5.2772E-01   4.2724E+02   3.4285E+01   4.6100E+00   3.4593E+01   2.6756E+02   2.8410E-04   1.2311E+02   6.3811E+00   9.5894E-01   4.2089E+01
 5.0643E-01  -4.3344E-03  -5.1665E-01   3.0100E+02   3.4930E+01   4.5231E+00   3.5221E+01   2.6756E+02   2.8768E-04   1.2423E+02   6.5799E+00   8.6801E-01   4.2592E+01
 4.9528E-01  -5.7903E-03  -5.0540E-01   2.4729E+02   3.6311E+01   4.6048E+00   3.6602E+01   2.6753E+02   2.9764E-04   1.2797E+02   7.0170E+00   9.0348E-01   4.3965E+01
 4.8396E-01  -7.2276E-03  -4.9399E-01   1.8787E+02   3.7199E+01   4.6015E+00   3.7483E+01   2.6751E+02   3.0384E-04   1.3044E+02   7.3030E+00   9.1601E-01   4.4823E+01
 4.7249E-01  -8.6489E-03  -4.8243E-01   1.3885E+02   3.8039E+01   4.5959E+00   3.8316E+01   2.6749E+02   3.0973E-04   1.3282E+02   7.5784E+00   9.2787E-01   4.5637E+01
 4.6088E-01  -1.0053E-02  -4.7074E-01   9.2020E+01   3.8785E+01   4.5764E+00   3.9054E+01   2.6747E+02   3.1489E-04   1.3498E+02   7.8258E+00   9.3525E-01   4.6352E+01
 4.4916E-01  -1.1436E-02  -4.5894E-01   5.1335E+01   3.9466E+01   4.5353E+00   3.9726E+01   2.6745E+02   3.1960E-04   1.3701E+02   8.0551E+00   9.3801E-01   4.7006E+01
 4.3735E-01  -1.2793E-02  -4.4705E-01   1.6446E+01   4.0071E+01   4.4823E+00   4.0321E+01   2.6742E+02   3.2381E-04   1.3888E+02   8.2614E+00   9.3646E-01   4.7589E+01
 4.2546E-01  -1.4123E-02  -4.3508E-01  -1.7707E+01   4.0636E+01   4.4300E+00   4.0877E+01   2.6740E+02   3.2769E-04   1.4066E+02   8.4556E+00   9.3352E-01   4.8128E+01
 4.1351E-01  -1.5425E-02  -4.2306E-01  -4.8442E+01   4.1179E+01   4.3662E+00   4.1410E+01   2.6738E+02   3.3140E-04   1.4242E+02   8.6437E+00   9.2873E-01   4.8644E+01
 4.0152E-01  -1.6695E-02  -4.1101E-01  -7.6662E+01   4.1694E+01   4.2966E+00   4.1915E+01   2.6736E+02   3.3491E-04   1.4413E+02   8.8238E+00   9.2177E-01   4.9133E+01
 3.8953E-01  -1.7931E-02  -3.9895E-01  -1.0501E+02   4.2204E+01   4.2247E+00   4.2415E+01   2.6733E+02   3.3832E-04   1.4585E+02   9.0024E+00   9.1381E-01   4.9609E+01
 3.7753E-01  -1.9130E-02  -3.8690E-01  -1.3124E+02   4.2709E+01   4.1408E+00   4.2909E+01   2.6731E+02   3.4167E-04   1.4758E+02   9.1806E+00   9.0356E-01   5.0078E+01
 3.6557E-01  -2.0288E-02  -3.7488E-01  -1.5435E+02   4.3199E+01   4.0485E+00   4.3388E+01   2.6728E+02   3.4492E-04   1.4931E+02   9.3547E+00   8.9092E-01   5.0532E+01
 3.5365E-01  -2.1404E-02  -3.6291E-01  -1.7933E+02   4.3698E+01   3.9570E+00   4.3877E+01   2.6726E+02   3.4816E-04   1.5107E+02   9.5326E+00   8.7793E-01   5.0986E+01
 3.4180E-01  -2.2477E-02  -3.5101E-01  -2.0553E+02   4.4221E+01   3.8509E+00   4.4388E+01   2.6723E+02   3.5147E-04   1.5290E+02   9.7185E+00   8.6229E-01   5.1450E+01
 3.3004E-01  -2.3499E-02  -3.3921E-01  -2.2405E+02   4.4715E+01   3.7201E+00   4.4870E+01   2.6720E+02   3.5461E-04   1.5472E+02   9.8961E+00   8.4105E-01   5.1892E+01
 3.1839E-01  -2.4468E-02  -3.2751E-01  -2.4171E+02   4.5183E+01   3.5969E+00   4.5325E+01   2.6717E+02   3.5754E-04   1.5650E+02   1.0065E+01   8.1858E-01   5.2305E+01
 3.0686E-01  -2.5385E-02  -3.1595E-01  -2.6239E+02   4.5684E+01   3.4749E+00   4.5816E+01   2.6714E+02   3.6061E-04   1.5838E+02   1.0245E+01   7.9739E-01   5.2739E+01
 2.9547E-01  -2.6251E-02  -3.0453E-01  -2.8248E+02   4.6219E+01   3.3329E+00   4.6339E+01   2.6710E+02   3.6383E-04   1.6038E+02   1.0439E+01   7.7338E-01   5.3195E+01
 2.8425E-01  -2.7061E-02  -2.9327E-01  -3.0144E+02   4.6762E+01   3.1739E+00   4.6869E+01   2.6707E+02   3.6705E-04   1.6244E+02   1.0635E+01   7.4454E-01   5.3650E+01
 2.7320E-01  -2.7811E-02  -2.8220E-01  -3.1824E+02   4.7304E+01   2.9997E+00   4.7399E+01   2.6703E+02   3.7021E-04   1.6454E+02   1.0832E+01   7.1150E-01   5.4099E+01
 2.6234E-01  -2.8501E-02  -2.7131E-01  -3.3339E+02   4.7846E+01   2.8139E+00   4.7929E+01   2.6699E+02   3.7332E-04   1.6668E+02   1.1030E+01   6.7488E-01   5.4541E+01
 2.5168E-01  -2.9128E-02  -2.6064E-01  -3.4665E+02   4.8395E+01   2.6160E+00   4.8466E+01   2.6695E+02   3.7642E-04   1.6890E+02   1.1230E+01   6.3549E-01   5.4984E+01
 2.4124E-01  -2.9695E-02  -2.5018E-01  -3.6128E+02   4.8966E+01   2.4078E+00   4.9025E+01   2.6691E+02   3.7958E-04   1.7122E+02   1.1439E+01   5.9319E-01   5.5436E+01
 2.3103E-01  -3.0200E-02  -2.3996E-01  -3.7382E+02   4.9555E+01   2.1754E+00   4.9602E+01   2.6686E+02   3.8280E-04   1.7364E+02   1.1655E+01   5.4590E-01   5.5897E+01
 2.2105E-01  -3.0641E-02  -2.2997E-01  -3.8416E+02   5.0144E+01   1.9245E+00   5.0181E+01   2.6681E+02   3.8597E-04   1.7614E+02   1.1873E+01   4.9304E-01   5.6352E+01
 2.1132E-01  -3.1019E-02  -2.2023E-01  -3.9331E+02   5.0738E+01   1.6576E+00   5.0765E+01   2.6676E+02   3.8911E-04   1.7872E+02   1.2092E+01   4.3557E-01   5.6804E+01
 2.0184E-01  -3.1334E-02  -2.1075E-01  -3.9991E+02   5.1334E+01   1.3705E+00   5.1352E+01   2.6671E+02   3.9220E-04   1.8138E+02   1.2313E+01   3.7281E-01   5.7250E+01
 1.9262E-01  -3.1586E-02  -2.0153E-01  -4.0272E+02   5.1924E+01   1.0654E+00   5.1935E+01   2.6665E+02   3.9525E-04   1.8414E+02   1.2533E+01   3.0514E-01   5.7692E+01
 1.8367E-01  -3.1777E-02  -1.9257E-01  -4.0616E+02   5.2528E+01   7.4956E-01   5.2534E+01   2.6659E+02   3.9836E-04   1.8702E+02   1.2759E+01   2.3439E-01   5.8142E+01
 1.7498E-01  -3.1911E-02  -1.8388E-01  -4.1117E+02   5.3158E+01   4.0836E-01   5.3160E+01   2.6652E+02   4.0152E-04   1.9005E+02   1.2996E+01   1.5758E-01   5.8602E+01
 1.6657E-01  -3.1986E-02  -1.7547E-01  -4.0804E+02   5.3769E+01   2.7712E-02   5.3769E+01   2.6646E+02   4.0456E-04   1.9314E+02   1.3226E+01   7.1169E-02   5.9045E+01
 1.5843E-01  -3.2001E-02  -1.6733E-01  -4.0103E+02   5.4346E+01  -3.6029E-01   5.4347E+01   2.6639E+02   4.0743E-04   1.9629E+02   1.3445E+01  -2.0237E-02   5.9465E+01
 1.5056E-01  -3.1962E-02  -1.5946E-01  -3.9525E+02   5.4937E+01  -7.5750E-01   5.4942E+01   2.6631E+02   4.1037E-04   1.9958E+02   1.3671E+01  -1.1300E-01   5.9895E+01
 1.4296E-01  -3.1874E-02  -1.5187E-01  -3.9100E+02   5.5548E+01  -1.1851E+00   5.5560E+01   2.6624E+02   4.1336E-04   2.0303E+02   1.3906E+01  -2.1256E-01   6.0334E+01
 1.3564E-01  -3.1735E-02  -1.4454E-01  -3.7753E+02   5.6128E+01  -1.6559E+00   5.6152E+01   2.6616E+02   4.1619E-04   2.0654E+02   1.4131E+01  -3.2258E-01   6.0751E+01
 1.2859E-01  -3.1547E-02  -1.3749E-01  -3.6067E+02   5.6668E+01  -2.1332E+00   5.6708E+01   2.6607E+02   4.1886E-04   2.1009E+02   1.4342E+01  -4.3729E-01   6.1146E+01
 1.2181E-01  -3.1315E-02  -1.3070E-01  -3.4492E+02   5.7216E+01  -2.6254E+00   5.7277E+01   2.6599E+02   4.2160E-04   2.1379E+02   1.4559E+01  -5.5372E-01   6.1551E+01
 1.1529E-01  -3.1042E-02  -1.2418E-01  -3.3140E+02   5.7778E+01  -3.1536E+00   5.7864E+01   2.6590E+02   4.2436E-04   2.1763E+02   1.4782E+01  -6.7793E-01   6.1961E+01
 1.0903E-01  -3.0730E-02  -1.1791E-01  -3.1060E+02   5.8303E+01  -3.7312E+00   5.8422E+01   2.6581E+02   4.2688E-04   2.2147E+02   1.4991E+01  -8.1466E-01   6.2337E+01
 1.0303E-01  -3.0377E-02  -1.1190E-01  -2.8229E+02   5.8755E+01  -4.3260E+00   5.8914E+01   2.6571E+02   4.2902E-04   2.2525E+02   1.5172E+01  -9.5840E-01   6.2661E+01
 9.7275E-02  -2.9988E-02  -1.0613E-01  -2.5177E+02   5.9163E+01  -4.9251E+00   5.9367E+01   2.6561E+02   4.3095E-04   2.2902E+02   1.5335E+01  -1.1030E+00   6.2955E+01
 9.1769E-02  -2.9568E-02  -1.0061E-01  -2.1878E+02   5.9546E+01  -5.5444E+00   5.9804E+01   2.6552E+02   4.3276E-04   2.3284E+02   1.5491E+01  -1.2495E+00   6.3235E+01
 8.6502E-02  -2.9121E-02  -9.5322E-02  -1.8527E+02   5.9910E+01  -6.1871E+00   6.0228E+01   2.6542E+02   4.3446E-04   2.3669E+02   1.5640E+01  -1.4006E+00   6.3498E+01
 8.1469E-02  -2.8647E-02  -9.0267E-02  -1.4986E+02   6.0247E+01  -6.8614E+00   6.0637E+01   2.6531E+02   4.3596E-04   2.4055E+02   1.5778E+01  -1.5575E+00   6.3736E+01
 7.6663E-02  -2.8151E-02  -8.5436E-02  -1.1251E+02   6.0542E+01  -7.5661E+00   6.1013E+01   2.6521E+02   4.3715E-04   2.4434E+02   1.5897E+01  -1.7225E+00   6.3931E+01
 7.2078E-02  -2.7631E-02  -8.0821E-02  -6.4997E+01   6.0766E+01  -8.2995E+00   6.1330E+01   2.6510E+02   4.3798E-04   2.4803E+02   1.5988E+01  -1.8929E+00   6.4075E+01
 6.7708E-02  -2.7091E-02  -7.6417E-02  -2.0078E+01   6.0945E+01  -9.0286E+00   6.1611E+01   2.6500E+02   4.3850E-04   2.5165E+02   1.6058E+01  -2.0635E+00   6.4177E+01
 6.3544E-02  -2.6535E-02  -7.2217E-02   3.0056E+01   6.1088E+01  -9.7926E+00   6.1868E+01   2.6489E+02   4.3874E-04   2.5522E+02   1.6113E+01  -2.2373E+00   6.4242E+01
 5.9581E-02  -2.5964E-02  -6.8213E-02   8.0723E+01   6.1180E+01  -1.0570E+01   6.2087E+01   2.6478E+02   4.3858E-04   2.5868E+02   1.6143E+01  -2.4155E+00   6.4252E+01
 5.5811E-02  -2.5380E-02  -6.4398E-02   1.3679E+02   6.1210E+01  -1.1372E+01   6.2257E+01   2.6466E+02   4.3795E-04   2.6199E+02   1.6145E+01  -2.5980E+00   6.4199E+01
 5.2228E-02  -2.4782E-02  -6.0765E-02   2.0021E+02   6.1155E+01  -1.2179E+01   6.2356E+01   2.6455E+02   4.3682E-04   2.6511E+02   1.6110E+01  -2.7810E+00   6.4076E+01
 4.8826E-02  -2.4175E-02  -5.7309E-02   2.6504E+02   6.1036E+01  -1.2977E+01   6.2400E+01   2.6443E+02   4.3522E-04   2.6806E+02   1.6044E+01  -2.9601E+00   6.3889E+01
 4.5596E-02  -2.3560E-02  -5.4021E-02   3.3476E+02   6.0855E+01  -1.3783E+01   6.2396E+01   2.6431E+02   4.3315E-04   2.7082E+02   1.5950E+01  -3.1364E+00   6.3637E+01
 4.2532E-02  -2.2938E-02  -5.0895E-02   4.0537E+02   6.0610E+01  -1.4589E+01   6.2341E+01   2.6419E+02   4.3055E-04   2.7332E+02   1.5826E+01  -3.3092E+00   6.3314E+01
 3.9628E-02  -2.2313E-02  -4.7924E-02   4.7711E+02   6.0300E+01  -1.5407E+01   6.2237E+01   2.6408E+02   4.2733E-04   2.7550E+02   1.5670E+01  -3.4804E+00   6.2907E+01
 3.6877E-02  -2.1684E-02  -4.5102E-02   5.5691E+02   5.9891E+01  -1.6235E+01   6.2053E+01   2.6396E+02   4.2328E-04   2.7723E+02   1.5466E+01  -3.6500E+00   6.2387E+01
 3.4273E-02  -2.1051E-02  -4.2422E-02   6.3986E+02   5.9376E+01  -1.7047E+01   6.1775E+01   2.6384E+02   4.1847E-04   2.7845E+02   1.5214E+01  -3.8113E+00   6.1763E+01
 3.1811E-02  -2.0416E-02  -3.9879E-02   7.2539E+02   5.8768E+01  -1.7851E+01   6.1419E+01   2.6373E+02   4.1272E-04   2.7911E+02   1.4917E+01  -3.9612E+00   6.1014E+01
 2.9483E-02  -1.9780E-02  -3.7466E-02   8.1553E+02   5.8046E+01  -1.8646E+01   6.0967E+01   2.6362E+02   4.0588E-04   2.7908E+02   1.4565E+01  -4.1009E+00   6.0118E+01
 2.7285E-02  -1.9143E-02  -3.5177E-02   9.1613E+02   5.7182E+01  -1.9414E+01   6.0387E+01   2.6351E+02   3.9778E-04   2.7824E+02   1.4148E+01  -4.2242E+00   5.9054E+01
 2.5210E-02  -1.8506E-02  -3.3007E-02   1.0203E+03   5.6186E+01  -2.0128E+01   5.9682E+01   2.6340E+02   3.8850E-04   2.7655E+02   1.3673E+01  -4.3220E+00   5.7834E+01
 2.3254E-02  -1.7870E-02  -3.0950E-02   1.1286E+03   5.5082E+01  -2.0804E+01   5.8880E+01   2.6330E+02   3.7761E-04   2.7386E+02   1.3142E+01  -4.3913E+00   5.6408E+01
 2.1411E-02  -1.7237E-02  -2.9001E-02   1.2400E+03   5.3868E+01  -2.1440E+01   5.7978E+01   2.6320E+02   3.6472E-04   2.6995E+02   1.2548E+01  -4.4300E+00   5.4732E+01
 1.9675E-02  -1.6608E-02  -2.7155E-02   1.3534E+03   5.2540E+01  -2.2036E+01   5.6974E+01   2.6311E+02   3.4928E-04   2.6455E+02   1.1885E+01  -4.4339E+00   5.2750E+01
 1.8042E-02  -1.5983E-02  -2.5406E-02   1.4725E+03   5.1074E+01  -2.2584E+01   5.5845E+01   2.6302E+02   3.3069E-04   2.5739E+02   1.1142E+01  -4.3985E+00   5.0404E+01
 1.6508E-02  -1.5360E-02  -2.3750E-02   1.5982E+03   4.9449E+01  -2.3057E+01   5.4560E+01   2.6294E+02   3.0868E-04   2.4837E+02   1.0321E+01  -4.3168E+00   4.7697E+01
 1.5068E-02  -1.4741E-02  -2.2183E-02   1.7285E+03   4.7665E+01  -2.3434E+01   5.3114E+01   2.6287E+02   2.8328E-04   2.3773E+02   9.4443E+00  -4.1872E+00   4.4694E+01
 1.3719E-02  -1.4125E-02  -2.0700E-02   1.8660E+03   4.5712E+01  -2.3702E+01   5.1491E+01   2.6280E+02   2.5481E-04   2.2597E+02   8.5400E+00  -4.0181E+00   4.1521E+01
 1.2456E-02  -1.3514E-02  -1.9296E-02   2.0104E+03   4.3588E+01  -2.3829E+01   4.9677E+01   2.6274E+02   2.2421E-04   2.1404E+02   7.6519E+00  -3.8230E+00   3.8398E+01
 1.1275E-02  -1.2907E-02  -1.7969E-02   2.1566E+03   4.1320E+01  -2.3805E+01   4.7687E+01   2.6268E+02   1.9273E-04   2.0304E+02   6.8281E+00  -3.6211E+00   3.5563E+01
 1.0173E-02  -1.2305E-02  -1.6713E-02   2.3064E+03   3.8911E+01  -2.3629E+01   4.5524E+01   2.6263E+02   1.6144E-04   1.9379E+02   6.0906E+00  -3.4317E+00   3.3172E+01
 9.1457E-03  -1.1710E-02  -1.5525E-02   2.4601E+03   3.6353E+01  -2.3274E+01   4.3165E+01   2.6259E+02   1.3169E-04   1.8648E+02   5.4348E+00  -3.2577E+00   3.1262E+01
 8.1903E-03  -1.1120E-02  -1.4403E-02   2.6134E+03   3.3663E+01  -2.2719E+01   4.0612E+01   2.6255E+02   1.0455E-04   1.8077E+02   4.8414E+00  -3.0908E+00   2.9732E+01
 7.3037E-03  -1.0537E-02  -1.3341E-02   2.7689E+03   3.0843E+01  -2.1946E+01   3.7854E+01   2.6251E+02   8.0971E-05   1.7591E+02   4.2805E+00  -2.9166E+00   2.8405E+01
 6.4829E-03  -9.9604E-03  -1.2338E-02   2.9214E+03   2.7905E+01  -2.0922E+01   3.4877E+01   2.6247E+02   6.1330E-05   1.7124E+02   3.7331E+00  -2.7202E+00   2.7127E+01
 5.7251E-03  -9.3910E-03  -1.1390E-02   3.0712E+03   2.4862E+01  -1.9625E+01   3.1674E+01   2.6244E+02   4.6096E-05   1.6631E+02   3.1909E+00  -2.4930E+00   2.5777E+01
 5.0280E-03  -8.8286E-03  -1.0494E-02   3.2164E+03   2.1719E+01  -1.8008E+01   2.8213E+01   2.6241E+02   3.3863E-05   1.6080E+02   2.6503E+00  -2.2296E+00   2.4282E+01
 4.3900E-03  -8.2728E-03  -9.6481E-03   3.3540E+03   1.8512E+01  -1.6026E+01   2.4486E+01   2.6238E+02   2.5531E-05   1.5448E+02   2.1186E+00  -1.9263E+00   2.2586E+01
 3.8086E-03  -7.7243E-03  -8.8486E-03   3.4775E+03   1.5304E+01  -1.3660E+01   2.0513E+01   2.6235E+02   1.7756E-05   1.4738E+02   1.6127E+00  -1.5868E+00   2.0643E+01
 3.2800E-03  -7.1851E-03  -8.0934E-03   3.5845E+03   1.2134E+01  -1.0895E+01   1.6308E+01   2.6233E+02   1.3778E-05   1.3982E+02   1.1467E+00  -1.2219E+00   1.8361E+01
 2.8012E-03  -6.6566E-03  -7.3802E-03   3.6725E+03   9.0407E+00  -7.7064E+00   1.1879E+01   2.6231E+02   7.2310E-06   1.3234E+02   7.3216E-01  -8.4813E-01   1.5585E+01
 2.3709E-03  -6.1387E-03  -6.7066E-03   3.7345E+03   6.1388E+00  -4.1419E+00   7.4055E+00   2.6228E+02   6.0223E-06   1.2102E+02   3.8240E-01  -4.8377E-01   1.2064E+01
 1.9858E-03  -5.6326E-03  -6.0706E-03   3.7623E+03   3.5890E+00  -4.4171E-01   3.6161E+00   2.6227E+02   6.0910E-07   1.1239E+02   1.1109E-01  -1.5415E-01   7.1054E+00
 1.6441E-03  -5.1390E-03  -5.4700E-03   3.7640E+03   1.3136E+00   3.1874E+00   3.4475E+00   2.6226E+02   1.2630E-06   1.1341E+02  -8.5103E-02   1.3070E-01   6.3252E+00
 1.3453E-03  -4.6573E-03  -4.9031E-03   3.7397E+03  -9.9502E-01   7.2005E+00   7.2689E+00   2.6226E+02   3.4702E-06   1.2093E+02  -2.9611E-01   5.0647E-01   1.1710E+01
 1.0844E-03  -4.1901E-03  -4.3678E-03   3.6767E+03  -3.1168E+00   1.1683E+01   1.2092E+01   2.6226E+02   1.0032E-05   1.3491E+02  -5.2846E-01   1.0128E+00   1.5493E+01
 8.6027E-04  -3.7376E-03  -3.8626E-03   3.5742E+03  -4.8503E+00   1.6431E+01   1.7132E+01   2.6226E+02   1.5770E-05   1.4459E+02  -7.5223E-01   1.6344E+00   1.8541E+01
 6.7061E-04  -3.3001E-03  -3.3857E-03   3.4395E+03  -6.1248E+00   2.1272E+01   2.2136E+01   2.6226E+02   2.3428E-05   1.5467E+02  -9.4593E-01   2.3534E+00   2.1107E+01
 5.1213E-04  -2.8790E-03  -2.9355E-03   3.2731E+03  -6.9355E+00   2.6102E+01   2.7007E+01   2.6227E+02   3.0506E-05   1.6430E+02  -1.0881E+00   3.1411E+00   2.3327E+01
 3.8310E-04  -2.4744E-03  -2.5107E-03   3.0831E+03  -7.3142E+00   3.0825E+01   3.1681E+01   2.6227E+02   3.8503E-05   1.7303E+02  -1.1706E+00   3.9671E+00   2.5282E+01
 2.7807E-04  -2.0876E-03  -2.1099E-03   2.8730E+03  -7.3070E+00   3.5411E+01   3.6158E+01   2.6227E+02   4.6441E-05   1.8099E+02  -1.1934E+00   4.8167E+00   2.7025E+01
 1.9581E-04  -1.7185E-03  -1.7316E-03   2.6442E+03  -6.9600E+00   3.9778E+01   4.0382E+01   2.6228E+02   5.4839E-05   1.8808E+02  -1.1537E+00   5.6641E+00   2.8587E+01
 1.3222E-04  -1.3673E-03  -1.3746E-03   2.4126E+03  -6.3356E+00   4.3922E+01   4.4376E+01   2.6228E+02   6.3230E-05   1.9447E+02  -1.0652E+00   6.4999E+00   3.0003E+01
 8.3823E-05  -1.0340E-03  -1.0378E-03   2.1651E+03  -5.5030E+00   4.7867E+01   4.8182E+01   2.6228E+02   7.1830E-05   2.0052E+02  -9.3265E-01   7.3318E+00   3.1283E+01
 4.8009E-05  -7.1827E-04  -7.2000E-04   1.9140E+03  -4.4696E+00   5.1720E+01   5.1912E+01   2.6229E+02   8.0264E-05   2.0649E+02  -7.5098E-01   8.1811E+00   3.2473E+01
 2.3338E-05  -4.1952E-04  -4.2017E-04   1.6317E+03  -3.2474E+00   5.5494E+01   5.5589E+01   2.6229E+02   8.8866E-05   2.1261E+02  -5.2018E-01   9.0579E+00   3.3564E+01
 7.2023E-06  -1.3712E-04  -1.3731E-04   1.3450E+03  -1.7301E+00   5.9221E+01   5.9247E+01   2.6229E+02   9.6904E-05   2.1894E+02  -2.0383E-01   9.9675E+00   3.4574E+01
 7.2023E-06   1.3712E-04   1.3731E-04   1.0124E+03   7.2245E-02   6.2499E+01   6.2499E+01   2.6230E+02   1.0583E-04   2.2363E+02   2.1991E-01   1.0753E+01   3.5572E+01
 2.3338E-05   4.1952E-04   4.2017E-04   7.8341E+02   2.1101E+00   6.5142E+01   6.5176E+01   2.6230E+02   1.1513E-04   2.2653E+02   6.5216E-01   1.1356E+01   3.6536E+01
 4.8009E-05   7.1827E-04   7.2000E-04   5.5035E+02   4.2566E+00   6.7595E+01   6.7729E+01   2.6231E+02   1.2558E-04   2.2964E+02   1.0966E+00   1.1947E+01   3.7449E+01
 8.3823E-05   1.0340E-03   1.0378E-03   2.9389E+02   6.5843E+00   7.0229E+01   7.0537E+01   2.6231E+02   1.3675E-04   2.3356E+02   1.6054E+00   1.2620E+01   3.8404E+01
 1.3222E-04   1.3673E-03   1.3746E-03  -4.3701E+01   9.1755E+00   7.3132E+01   7.3705E+01   2.6232E+02   1.4925E-04   2.3828E+02   2.1960E+00   1.3400E+01   3.9463E+01
 1.9581E-04   1.7185E-03   1.7316E-03  -4.1087E+02   1.2138E+01   7.6172E+01   7.7133E+01   2.6232E+02   1.6268E-04   2.4371E+02   2.9042E+00   1.4258E+01   4.0603E+01
 2.7807E-04   2.0876E-03   2.1099E-03  -8.2863E+02   1.5498E+01   7.9151E+01   8.0654E+01   2.6233E+02   1.7783E-04   2.4952E+02   3.7509E+00   1.5139E+01   4.1848E+01
 3.8310E-04   2.4744E-03   2.5107E-03  -1.2404E+03   1.9222E+01   8.1860E+01   8.4086E+01   2.6234E+02   1.9464E-04   2.5557E+02   4.7192E+00   1.5994E+01   4.3195E+01
 5.1213E-04   2.8790E-03   2.9355E-03  -1.6604E+03   2.3307E+01   8.4279E+01   8.7443E+01   2.6235E+02   2.1325E-04   2.6217E+02   5.8295E+00   1.6829E+01   4.4678E+01
 6.7061E-04   3.3001E-03   3.3857E-03  -2.0979E+03   2.7672E+01   8.6241E+01   9.0572E+01   2.6236E+02   2.3455E-04   2.6936E+02   7.0786E+00   1.7611E+01   4.6376E+01
 8.6027E-04   3.7376E-03   3.8626E-03  -2.4856E+03   3.2246E+01   8.7691E+01   9.3432E+01   2.6237E+02   2.5782E-04   2.7730E+02   8.4404E+00   1.8338E+01   4.8309E+01
 1.0844E-03   4.1901E-03   4.3678E-03  -2.8830E+03   3.6893E+01   8.8566E+01   9.5943E+01   2.6238E+02   2.8451E-04   2.8659E+02   9.9297E+00   1.9030E+01   5.0626E+01
 1.3453E-03   4.6573E-03   4.9031E-03  -3.2043E+03   4.1531E+01   8.8896E+01   9.8119E+01   2.6240E+02   3.1355E-04   2.9744E+02   1.1524E+01   1.9710E+01   5.3332E+01
 1.6441E-03   5.1390E-03   5.4700E-03  -3.5352E+03   4.6150E+01   8.8786E+01   1.0006E+02   2.6242E+02   3.4574E-04   3.1051E+02   1.3296E+01   2.0420E+01   5.6564E+01
 1.9858E-03   5.6326E-03   6.0706E-03  -3.8313E+03   5.0600E+01   8.8114E+01   1.0161E+02   2.6244E+02   3.8136E-04   3.2566E+02   1.5216E+01   2.1115E+01   6.0404E+01
 2.3709E-03   6.1387E-03   6.7066E-03  -4.0526E+03   5.4811E+01   8.6982E+01   1.0281E+02   2.6247E+02   4.1911E-04   3.4262E+02   1.7239E+01   2.1809E+01   6.4744E+01
 2.8012E-03   6.6566E-03   7.3802E-03  -4.2696E+03   5.8782E+01   8.5501E+01   1.0376E+02   2.6250E+02   4.5925E-04   3.6153E+02   1.9418E+01   2.2494E+01   6.9603E+01
 3.2800E-03   7.1851E-03   8.0934E-03  -4.4482E+03   6.2490E+01   8.3700E+01   1.0445E+02   2.6253E+02   5.0028E-04   3.8127E+02   2.1681E+01   2.3102E+01   7.4779E+01
 3.8086E-03   7.7243E-03   8.8486E-03  -4.6058E+03   6.5944E+01   8.1656E+01   1.0496E+02   2.6257E+02   5.4092E-04   4.0109E+02   2.3982E+01   2.3597E+01   8.0060E+01
 4.3900E-03   8.2728E-03   9.6481E-03  -4.7482E+03   6.9148E+01   7.9371E+01   1.0527E+02   2.6261E+02   5.7969E-04   4.1992E+02   2.6267E+01   2.3883E+01   8.5208E+01
 5.0280E-03   8.8286E-03   1.0494E-02  -4.8629E+03   7.1995E+01   7.6784E+01   1.0526E+02   2.6266E+02   6.1550E-04   4.3662E+02   2.8395E+01   2.3889E+01   9.0028E+01
 5.7251E-03   9.3910E-03   1.1390E-02  -4.9142E+03   7.4416E+01   7.3916E+01   1.0489E+02   2.6271E+02   6.4614E-04   4.4997E+02   3.0203E+01   2.3597E+01   9.4189E+01
 6.4829E-03   9.9604E-03   1.2338E-02  -4.9263E+03   7.6451E+01   7.0901E+01   1.0427E+02   2.6277E+02   6.7051E-04   4.5963E+02   3.1651E+01   2.3063E+01   9.7513E+01
 7.3037E-03   1.0537E-02   1.3341E-02  -4.9237E+03   7.8203E+01   6.7859E+01   1.0354E+02   2.6283E+02   6.8844E-04   4.6566E+02   3.2774E+01   2.2331E+01   9.9960E+01
 8.1903E-03   1.1120E-02   1.4403E-02  -4.9242E+03   7.9719E+01   6.4791E+01   1.0273E+02   2.6289E+02   7.0049E-04   4.6835E+02   3.3587E+01   2.1442E+01   1.0160E+02
 9.1457E-03   1.1710E-02   1.5525E-02  -4.9010E+03   8.0989E+01   6.1745E+01   1.0184E+02   2.6296E+02   7.0758E-04   4.6825E+02   3.4121E+01   2.0453E+01   1.0255E+02
 1.0173E-02   1.2305E-02   1.6713E-02  -4.8786E+03   8.2056E+01   5.8712E+01   1.0090E+02   2.6303E+02   7.1069E-04   4.6595E+02   3.4426E+01   1.9397E+01   1.0294E+02
 1.1275E-02   1.2907E-02   1.7969E-02  -4.8401E+03   8.2905E+01   5.5706E+01   9.9882E+01   2.6311E+02   7.1077E-04   4.6197E+02   3.4532E+01   1.8313E+01   1.0292E+02
 1.2456E-02   1.3514E-02   1.9296E-02  -4.7937E+03   8.3578E+01   5.2767E+01   9.8842E+01   2.6318E+02   7.0862E-04   4.5682E+02   3.4495E+01   1.7234E+01   1.0257E+02
 1.3719E-02   1.4125E-02   2.0700E-02  -4.7504E+03   8.4097E+01   4.9863E+01   9.7768E+01   2.6326E+02   7.0485E-04   4.5079E+02   3.4343E+01   1.6159E+01   1.0201E+02
 1.5068E-02   1.4741E-02   2.2183E-02  -4.6920E+03   8.4419E+01   4.6995E+01   9.6618E+01   2.6334E+02   6.9987E-04   4.4407E+02   3.4071E+01   1.5106E+01   1.0127E+02
 1.6508E-02   1.5360E-02   2.3750E-02  -4.6199E+03   8.4557E+01   4.4204E+01   9.5415E+01   2.6342E+02   6.9394E-04   4.3685E+02   3.3703E+01   1.4096E+01   1.0040E+02
 1.8042E-02   1.5983E-02   2.5406E-02  -4.5469E+03   8.4547E+01   4.1498E+01   9.4182E+01   2.6351E+02   6.8726E-04   4.2926E+02   3.3262E+01   1.3130E+01   9.9422E+01
 1.9675E-02   1.6608E-02   2.7155E-02  -4.4680E+03   8.4395E+01   3.8893E+01   9.2925E+01   2.6360E+02   6.8002E-04   4.2138E+02   3.2757E+01   1.2221E+01   9.8368E+01
 2.1411E-02   1.7237E-02   2.9001E-02  -4.3864E+03   8.4136E+01   3.6425E+01   9.1683E+01   2.6368E+02   6.7243E-04   4.1338E+02   3.2219E+01   1.1375E+01   9.7264E+01
 2.3254E-02   1.7870E-02   3.0950E-02  -4.3130E+03   8.3819E+01   3.4088E+01   9.0485E+01   2.6377E+02   6.6468E-04   4.0537E+02   3.1674E+01   1.0584E+01   9.6141E+01
 2.5210E-02   1.8506E-02   3.3007E-02  -4.2442E+03   8.3443E+01   3.1865E+01   8.9320E+01   2.6386E+02   6.5694E-04   3.9741E+02   3.1127E+01   9.8393E+00   9.5018E+01
 2.7285E-02   1.9143E-02   3.5177E-02  -4.1761E+03   8.3006E+01   2.9743E+01   8.8174E+01   2.6396E+02   6.4925E-04   3.8954E+02   3.0579E+01   9.1300E+00   9.3904E+01
 2.9483E-02   1.9780E-02   3.7466E-02  -4.1097E+03   8.2476E+01   2.7682E+01   8.6998E+01   2.6405E+02   6.4151E-04   3.8165E+02   3.0005E+01   8.4482E+00   9.2782E+01
 3.1811E-02   2.0416E-02   3.9879E-02  -4.0287E+03   8.1822E+01   2.5714E+01   8.5768E+01   2.6415E+02   6.3360E-04   3.7370E+02   2.9394E+01   7.8055E+00   9.1636E+01
 3.4273E-02   2.1051E-02   4.2422E-02  -3.9477E+03   8.1094E+01   2.3860E+01   8.4532E+01   2.6424E+02   6.2552E-04   3.6573E+02   2.8765E+01   7.2059E+00   9.0467E+01
 3.6877E-02   2.1684E-02   4.5102E-02  -3.8714E+03   8.0324E+01   2.2111E+01   8.3312E+01   2.6434E+02   6.1740E-04   3.5782E+02   2.8136E+01   6.6402E+00   8.9293E+01
 3.9628E-02   2.2313E-02   4.7924E-02  -3.7979E+03   7.9492E+01   2.0443E+01   8.2079E+01   2.6443E+02   6.0924E-04   3.4995E+02   2.7496E+01   6.1071E+00   8.8114E+01
 4.2532E-02   2.2938E-02   5.0895E-02  -3.7168E+03   7.8594E+01   1.8886E+01   8.0831E+01   2.6453E+02   6.0106E-04   3.4213E+02   2.6846E+01   5.6134E+00   8.6933E+01
 4.5596E-02   2.3560E-02   5.4021E-02  -3.6419E+03   7.7681E+01   1.7435E+01   7.9613E+01   2.6463E+02   5.9299E-04   3.3446E+02   2.6209E+01   5.1537E+00   8.5767E+01
 4.8826E-02   2.4175E-02   5.7309E-02  -3.5733E+03   7.6750E+01   1.6062E+01   7.8413E+01   2.6473E+02   5.8506E-04   3.2694E+02   2.5584E+01   4.7202E+00   8.4623E+01
 5.2228E-02   2.4782E-02   6.0765E-02  -3.5028E+03   7.5794E+01   1.4772E+01   7.7220E+01   2.6482E+02   5.7728E-04   3.1958E+02   2.4968E+01   4.3104E+00   8.3501E+01
 5.5811E-02   2.5380E-02   6.4398E-02  -3.4363E+03   7.4803E+01   1.3535E+01   7.6018E+01   2.6492E+02   5.6957E-04   3.1234E+02   2.4353E+01   3.9188E+00   8.2388E+01
 5.9581E-02   2.5964E-02   6.8213E-02  -3.3632E+03   7.3748E+01   1.2359E+01   7.4776E+01   2.6502E+02   5.6179E-04   3.0515E+02   2.3723E+01   3.5497E+00   8.1266E+01
 6.3544E-02   2.6535E-02   7.2217E-02  -3.2871E+03   7.2660E+01   1.1262E+01   7.3527E+01   2.6512E+02   5.5399E-04   2.9806E+02   2.3093E+01   3.2065E+00   8.0141E+01
 6.7708E-02   2.7091E-02   7.6417E-02  -3.2163E+03   7.1556E+01   1.0227E+01   7.2283E+01   2.6521E+02   5.4624E-04   2.9111E+02   2.2469E+01   2.8873E+00   7.9024E+01
 7.2078E-02   2.7631E-02   8.0821E-02  -3.1426E+03   7.0459E+01   9.2696E+00   7.1066E+01   2.6530E+02   5.3870E-04   2.8439E+02   2.1865E+01   2.5887E+00   7.7938E+01
 7.6663E-02   2.8151E-02   8.5436E-02  -3.0783E+03   6.9356E+01   8.3411E+00   6.9856E+01   2.6540E+02   5.3129E-04   2.7784E+02   2.1272E+01   2.3049E+00   7.6871E+01
 8.1469E-02   2.8647E-02   9.0267E-02  -3.0031E+03   6.8212E+01   7.4728E+00   6.8620E+01   2.6549E+02   5.2391E-04   2.7143E+02   2.0675E+01   2.0409E+00   7.5807E+01
 8.6502E-02   2.9121E-02   9.5322E-02  -2.9297E+03   6.7068E+01   6.6633E+00   6.7398E+01   2.6558E+02   5.1661E-04   2.6521E+02   2.0090E+01   1.7991E+00   7.4757E+01
 9.1769E-02   2.9568E-02   1.0061E-01  -2.8583E+03   6.5947E+01   5.9097E+00   6.6211E+01   2.6566E+02   5.0955E-04   2.5924E+02   1.9528E+01   1.5752E+00   7.3741E+01
 9.7275E-02   2.9988E-02   1.0613E-01  -2.7905E+03   6.4856E+01   5.1992E+00   6.5064E+01   2.6575E+02   5.0277E-04   2.5354E+02   1.8992E+01   1.3660E+00   7.2764E+01
 1.0303E-01   3.0377E-02   1.1190E-01  -2.7231E+03   6.3786E+01   4.5250E+00   6.3946E+01   2.6583E+02   4.9623E-04   2.4810E+02   1.8477E+01   1.1672E+00   7.1823E+01
 1.0903E-01   3.0730E-02   1.1791E-01  -2.6563E+03   6.2709E+01   3.8674E+00   6.2829E+01   2.6591E+02   4.8973E-04   2.4282E+02   1.7967E+01   9.7638E-01   7.0888E+01
 1.1529E-01   3.1042E-02   1.2418E-01  -2.5827E+03   6.1587E+01   3.2385E+00   6.1673E+01   2.6598E+02   4.8304E-04   2.3761E+02   1.7445E+01   8.0004E-01   6.9927E+01
 1.2181E-01   3.1315E-02   1.3070E-01  -2.5027E+03   6.0464E+01   2.6712E+00   6.0523E+01   2.6605E+02   4.7635E-04   2.3255E+02   1.6930E+01   6.4388E-01   6.8966E+01
 1.2859E-01   3.1547E-02   1.3749E-01  -2.4294E+03   5.9404E+01   2.1503E+00   5.9443E+01   2.6612E+02   4.6996E-04   2.2777E+02   1.6448E+01   5.0151E-01   6.8049E+01
 1.3564E-01   3.1735E-02   1.4454E-01  -2.3612E+03   5.8395E+01   1.6515E+00   5.8418E+01   2.6619E+02   4.6385E-04   2.2326E+02   1.5996E+01   3.6515E-01   6.7174E+01
 1.4296E-01   3.1874E-02   1.5187E-01  -2.2916E+03   5.7371E+01   1.1649E+00   5.7383E+01   2.6625E+02   4.5767E-04   2.1884E+02   1.5543E+01   2.3758E-01   6.6290E+01
 1.5056E-01   3.1962E-02   1.5946E-01  -2.2129E+03   5.6339E+01   7.2743E-01   5.6344E+01   2.6631E+02   4.5146E-04   2.1455E+02   1.5093E+01   1.2475E-01   6.5401E+01
 1.5843E-01   3.2001E-02   1.6733E-01  -2.1393E+03   5.5363E+01   3.2591E-01   5.5364E+01   2.6637E+02   4.4544E-04   2.1048E+02   1.4669E+01   2.2080E-02   6.4543E+01
 1.6657E-01   3.1986E-02   1.7547E-01  -2.0702E+03   5.4429E+01  -6.2547E-02   5.4429E+01   2.6642E+02   4.3959E-04   2.0658E+02   1.4267E+01  -7.6770E-02   6.3708E+01
 1.7498E-01   3.1911E-02   1.8388E-01  -1.9989E+03   5.3475E+01  -4.3998E-01   5.3476E+01   2.6648E+02   4.3356E-04   2.0273E+02   1.3860E+01  -1.6805E-01   6.2851E+01
 1.8367E-01   3.1777E-02   1.9257E-01  -1.9200E+03   5.2513E+01  -7.7433E-01   5.2519E+01   2.6653E+02   4.2747E-04   1.9895E+02   1.3454E+01  -2.4716E-01   6.1986E+01
 1.9262E-01   3.1586E-02   2.0153E-01  -1.8456E+03   5.1598E+01  -1.0799E+00   5.1610E+01   2.6657E+02   4.2153E-04   1.9533E+02   1.3071E+01  -3.1824E-01   6.1143E+01
 2.0184E-01   3.1334E-02   2.1075E-01  -1.7746E+03   5.0713E+01  -1.3718E+00   5.0732E+01   2.6662E+02   4.1567E-04   1.9184E+02   1.2702E+01  -3.8460E-01   6.0314E+01
 2.1132E-01   3.1019E-02   2.2023E-01  -1.7013E+03   4.9831E+01  -1.6432E+00   4.9858E+01   2.6666E+02   4.0980E-04   1.8842E+02   1.2338E+01  -4.4444E-01   5.9482E+01
 2.2105E-01   3.0641E-02   2.2997E-01  -1.6271E+03   4.8958E+01  -1.8919E+00   4.8995E+01   2.6670E+02   4.0390E-04   1.8508E+02   1.1981E+01  -4.9755E-01   5.8650E+01
 2.3103E-01   3.0200E-02   2.3996E-01  -1.5536E+03   4.8097E+01  -2.1223E+00   4.8143E+01   2.6674E+02   3.9800E-04   1.8180E+02   1.1632E+01  -5.4479E-01   5.7818E+01
 2.4124E-01   2.9695E-02   2.5018E-01  -1.4797E+03   4.7240E+01  -2.3320E+00   4.7298E+01   2.6678E+02   3.9207E-04   1.7858E+02   1.1288E+01  -5.8535E-01   5.6983E+01
 2.5168E-01   2.9128E-02   2.6064E-01  -1.4053E+03   4.6408E+01  -2.5160E+00   4.6476E+01   2.6682E+02   3.8624E-04   1.7548E+02   1.0957E+01  -6.2002E-01   5.6163E+01
 2.6234E-01   2.8501E-02   2.7131E-01  -1.3343E+03   4.5603E+01  -2.6878E+00   4.5682E+01   2.6685E+02   3.8049E-04   1.7246E+02   1.0639E+01  -6.5096E-01   5.5356E+01
 2.7320E-01   2.7811E-02   2.8220E-01  -1.2628E+03   4.4806E+01  -2.8459E+00   4.4896E+01   2.6689E+02   3.7474E-04   1.6950E+02   1.0327E+01  -6.7830E-01   5.4551E+01
 2.8425E-01   2.7061E-02   2.9327E-01  -1.1911E+03   4.4007E+01  -2.9905E+00   4.4108E+01   2.6692E+02   3.6894E-04   1.6658E+02   1.0018E+01  -7.0132E-01   5.3738E+01
 2.9547E-01   2.6251E-02   3.0453E-01  -1.1185E+03   4.3206E+01  -3.1182E+00   4.3318E+01   2.6695E+02   3.6309E-04   1.6369E+02   9.7119E+00  -7.1954E-01   5.2920E+01
 3.0686E-01   2.5385E-02   3.1595E-01  -1.0461E+03   4.2412E+01  -3.2274E+00   4.2534E+01   2.6698E+02   3.5723E-04   1.6085E+02   9.4118E+00  -7.3251E-01   5.2102E+01
 3.1839E-01   2.4468E-02   3.2751E-01  -9.7438E+02   4.1650E+01  -3.3161E+00   4.1782E+01   2.6701E+02   3.5155E-04   1.5813E+02   9.1268E+00  -7.4231E-01   5.1309E+01
 3.3004E-01   2.3499E-02   3.3921E-01  -9.0684E+02   4.0921E+01  -3.4040E+00   4.1062E+01   2.6704E+02   3.4598E-04   1.5549E+02   8.8553E+00  -7.5260E-01   5.0534E+01
 3.4180E-01   2.2477E-02   3.5101E-01  -8.3938E+02   4.0153E+01  -3.4955E+00   4.0304E+01   2.6707E+02   3.4011E-04   1.5279E+02   8.5737E+00  -7.6072E-01   4.9718E+01
 3.5365E-01   2.1404E-02   3.6291E-01  -7.6485E+02   3.9343E+01  -3.5608E+00   3.9503E+01   2.6709E+02   3.3405E-04   1.5004E+02   8.2834E+00  -7.6289E-01   4.8874E+01
 3.6557E-01   2.0288E-02   3.7488E-01  -6.9230E+02   3.8546E+01  -3.6098E+00   3.8715E+01   2.6712E+02   3.2799E-04   1.4735E+02   8.0010E+00  -7.6200E-01   4.8033E+01
 3.7753E-01   1.9130E-02   3.8690E-01  -6.2222E+02   3.7746E+01  -3.6558E+00   3.7923E+01   2.6714E+02   3.2183E-04   1.4465E+02   7.7205E+00  -7.5986E-01   4.7179E+01
 3.8953E-01   1.7931E-02   3.9895E-01  -5.4935E+02   3.6909E+01  -3.6899E+00   3.7093E+01   2.6717E+02   3.1543E-04   1.4191E+02   7.4330E+00  -7.5450E-01   4.6292E+01
 4.0152E-01   1.6695E-02   4.1101E-01  -4.7451E+02   3.6044E+01  -3.7084E+00   3.6234E+01   2.6719E+02   3.0882E-04   1.3912E+02   7.1413E+00  -7.4601E-01   4.5377E+01
 4.1351E-01   1.5425E-02   4.2306E-01  -3.9971E+02   3.5144E+01  -3.7189E+00   3.5340E+01   2.6721E+02   3.0190E-04   1.3626E+02   6.8429E+00  -7.3524E-01   4.4421E+01
 4.2546E-01   1.4123E-02   4.3508E-01  -3.2217E+02   3.4177E+01  -3.7167E+00   3.4378E+01   2.6724E+02   2.9450E-04   1.3326E+02   6.5296E+00  -7.2089E-01   4.3399E+01
 4.3735E-01   1.2793E-02   4.4705E-01  -2.4068E+02   3.3139E+01  -3.6957E+00   3.3344E+01   2.6726E+02   2.8660E-04   1.3011E+02   6.2015E+00  -7.0296E-01   4.2308E+01
 4.4916E-01   1.1436E-02   4.5894E-01  -1.5738E+02   3.1999E+01  -3.6632E+00   3.2208E+01   2.6728E+02   2.7790E-04   1.2670E+02   5.8501E+00  -6.8124E-01   4.1108E+01
 4.6088E-01   1.0053E-02   4.7074E-01  -6.7489E+01   3.0700E+01  -3.6046E+00   3.0911E+01   2.6731E+02   2.6806E-04   1.2291E+02   5.4624E+00  -6.5280E-01   3.9752E+01
 4.7249E-01   8.6489E-03   4.8243E-01   2.9795E+01   2.9234E+01  -3.5096E+00   2.9444E+01   2.6733E+02   2.5701E-04   1.1872E+02   5.0405E+00  -6.1714E-01   3.8229E+01
 4.8396E-01   7.2276E-03   4.9399E-01   1.3097E+02   2.7520E+01  -3.3723E+00   2.7726E+01   2.6736E+02   2.4394E-04   1.1385E+02   4.5655E+00  -5.7264E-01   3.6432E+01
 4.9528E-01   5.7903E-03   5.0540E-01   2.4569E+02   2.5627E+01  -3.2154E+00   2.5828E+01   2.6739E+02   2.2945E-04   1.0854E+02   4.0661E+00  -5.2353E-01   3.4444E+01
 5.0643E-01   4.3344E-03   5.1665E-01   3.5117E+02   2.2824E+01  -2.8751E+00   2.3004E+01   2.6743E+02   2.0693E-04   1.0047E+02   3.3665E+00  -4.4410E-01   3.1378E+01
 5.1741E-01   2.8739E-03   5.2772E-01   5.3131E+02   2.0558E+01  -2.7414E+00   2.0740E+01   2.6745E+02   1.9188E-04   9.5178E+01   2.8683E+00  -4.3104E-01   2.9268E+01
 5.2812E-01   1.0736E-03   5.3859E-01   5.6333E+02   1.3577E+01  -2.5997E+00   1.3824E+01   2.6752E+02   1.3292E-04   7.6437E+01   1.5255E+00  -2.0331E-01   2.1399E+01
