#        X=           Y=           S=           P=           U=           V=         Vel=           T=         mut=         hcv=          Ax=          Ay=       Yplus=
 5.3205E-01  -3.0759E-04  -5.4209E-01   8.4618E+02   4.1705E-01   1.0646E-01   4.3042E-01   2.7298E+02   5.3715E-15   1.5261E+02   2.6861E+00   6.8567E-01   2.9718E-01
 5.2925E-01  -9.3741E-04  -5.3922E-01   8.5295E+02   5.6633E-01   1.2591E-01   5.8016E-01   2.7300E+02   3.2764E-15   1.2905E+02   3.6426E+00   8.0985E-01   3.4586E-01
 5.2625E-01  -1.5964E-03  -5.3614E-01   6.9826E+02   6.0201E-01   1.3012E-01   6.1591E-01   2.7300E+02   4.1961E-15   1.3337E+02   3.8722E+00   8.3697E-01   3.5635E-01
 5.2302E-01  -2.2841E-03  -5.3284E-01   6.2673E+02   7.6640E-01   1.6097E-01   7.8313E-01   2.7300E+02   5.1090E-15   1.3711E+02   4.9296E+00   1.0354E+00   4.0182E-01
 5.1956E-01  -3.0001E-03  -5.2930E-01   5.3490E+02   8.5942E-01   1.7506E-01   8.7707E-01   2.7299E+02   6.1880E-15   1.4149E+02   5.5278E+00   1.1260E+00   4.2524E-01
 5.1585E-01  -3.7436E-03  -5.2552E-01   4.5695E+02   9.5933E-01   1.8923E-01   9.7781E-01   2.7299E+02   7.2231E-15   1.4481E+02   6.1704E+00   1.2171E+00   4.4901E-01
 5.1188E-01  -4.5136E-03  -5.2148E-01   3.8373E+02   1.0444E+00   1.9921E-01   1.0633E+00   2.7298E+02   8.2632E-15   1.4786E+02   6.7178E+00   1.2813E+00   4.6822E-01
 5.0763E-01  -5.3092E-03  -5.1716E-01   3.1818E+02   1.1212E+00   2.0652E-01   1.1401E+00   2.7298E+02   9.2597E-15   1.5049E+02   7.2114E+00   1.3283E+00   4.8483E-01
 5.0310E-01  -6.1295E-03  -5.1255E-01   2.6045E+02   1.1874E+00   2.1114E-01   1.2061E+00   2.7298E+02   1.0187E-14   1.5278E+02   7.6374E+00   1.3580E+00   4.9867E-01
 4.9826E-01  -6.9746E-03  -5.0764E-01   2.0989E+02   1.2434E+00   2.1373E-01   1.2617E+00   2.7298E+02   1.1034E-14   1.5475E+02   7.9974E+00   1.3747E+00   5.1004E-01
 4.9311E-01  -7.8457E-03  -5.0242E-01   1.6575E+02   1.2899E+00   2.1491E-01   1.3077E+00   2.7297E+02   1.1792E-14   1.5644E+02   8.2962E+00   1.3822E+00   5.1926E-01
 4.8764E-01  -8.7452E-03  -4.9687E-01   1.2707E+02   1.3273E+00   2.1519E-01   1.3446E+00   2.7297E+02   1.2485E-14   1.5792E+02   8.5365E+00   1.3840E+00   5.2654E-01
 4.8183E-01  -9.6767E-03  -4.9099E-01   9.0308E+01   1.3571E+00   2.1531E-01   1.3741E+00   2.7297E+02   1.3158E-14   1.5925E+02   8.7282E+00   1.3848E+00   5.3228E-01
 4.7567E-01  -1.0644E-02  -4.8476E-01   5.0031E+01   1.3856E+00   2.1606E-01   1.4023E+00   2.7297E+02   1.3855E-14   1.6052E+02   8.9114E+00   1.3896E+00   5.3773E-01
 4.6917E-01  -1.1650E-02  -4.7817E-01   8.5185E+00   1.4167E+00   2.1685E-01   1.4332E+00   2.7297E+02   1.4603E-14   1.6180E+02   9.1114E+00   1.3947E+00   5.4361E-01
 4.6230E-01  -1.2690E-02  -4.7123E-01  -3.3820E+01   1.4493E+00   2.1727E-01   1.4655E+00   2.7297E+02   1.5404E-14   1.6314E+02   9.3211E+00   1.3974E+00   5.4970E-01
 4.5506E-01  -1.3762E-02  -4.6391E-01  -7.6423E+01   1.4829E+00   2.1718E-01   1.4988E+00   2.7296E+02   1.6252E-14   1.6450E+02   9.5376E+00   1.3968E+00   5.5591E-01
 4.4746E-01  -1.4861E-02  -4.5623E-01  -1.1896E+02   1.5173E+00   2.1643E-01   1.5327E+00   2.7296E+02   1.7143E-14   1.6589E+02   9.7585E+00   1.3920E+00   5.6217E-01
 4.3948E-01  -1.5982E-02  -4.4817E-01  -1.6106E+02   1.5522E+00   2.1494E-01   1.5670E+00   2.7296E+02   1.8069E-14   1.6729E+02   9.9829E+00   1.3824E+00   5.6843E-01
 4.3113E-01  -1.7119E-02  -4.3974E-01  -2.0217E+02   1.5874E+00   2.1259E-01   1.6016E+00   2.7296E+02   1.9023E-14   1.6869E+02   1.0209E+01   1.3672E+00   5.7467E-01
 4.2240E-01  -1.8265E-02  -4.3094E-01  -2.4123E+02   1.6223E+00   2.0925E-01   1.6358E+00   2.7296E+02   1.9994E-14   1.7008E+02   1.0434E+01   1.3458E+00   5.8077E-01
 4.1332E-01  -1.9413E-02  -4.2178E-01  -2.7829E+02   1.6564E+00   2.0501E-01   1.6690E+00   2.7296E+02   2.0975E-14   1.7147E+02   1.0653E+01   1.3185E+00   5.8665E-01
 4.0387E-01  -2.0556E-02  -4.1227E-01  -3.1327E+02   1.6897E+00   1.9988E-01   1.7015E+00   2.7295E+02   2.1963E-14   1.7284E+02   1.0867E+01   1.2855E+00   5.9232E-01
 3.9409E-01  -2.1685E-02  -4.0242E-01  -3.4603E+02   1.7222E+00   1.9387E-01   1.7331E+00   2.7295E+02   2.2956E-14   1.7420E+02   1.1076E+01   1.2468E+00   5.9780E-01
 3.8398E-01  -2.2792E-02  -3.9225E-01  -3.7636E+02   1.7539E+00   1.8696E-01   1.7639E+00   2.7295E+02   2.3948E-14   1.7554E+02   1.1280E+01   1.2024E+00   6.0309E-01
 3.7356E-01  -2.3870E-02  -3.8177E-01  -4.0405E+02   1.7846E+00   1.7914E-01   1.7936E+00   2.7295E+02   2.4922E-14   1.7685E+02   1.1477E+01   1.1521E+00   6.0814E-01
 3.6285E-01  -2.4910E-02  -3.7101E-01  -4.2888E+02   1.8143E+00   1.7041E-01   1.8223E+00   2.7295E+02   2.5886E-14   1.7814E+02   1.1669E+01   1.0960E+00   6.1300E-01
 3.5188E-01  -2.5903E-02  -3.6000E-01  -4.5061E+02   1.8431E+00   1.6080E-01   1.8502E+00   2.7295E+02   2.6837E-14   1.7942E+02   1.1854E+01   1.0342E+00   6.1767E-01
 3.4068E-01  -2.6841E-02  -3.4877E-01  -4.6899E+02   1.8709E+00   1.5032E-01   1.8769E+00   2.7295E+02   2.7768E-14   1.8068E+02   1.2032E+01   9.6674E-01   6.2212E-01
 3.2928E-01  -2.7716E-02  -3.3733E-01  -4.8367E+02   1.8974E+00   1.3898E-01   1.9025E+00   2.7294E+02   2.8665E-14   1.8191E+02   1.2203E+01   8.9381E-01   6.2635E-01
 3.1772E-01  -2.8521E-02  -3.2574E-01  -4.9393E+02   1.9224E+00   1.2682E-01   1.9265E+00   2.7294E+02   2.9516E-14   1.8312E+02   1.2363E+01   8.1558E-01   6.3029E-01
 3.0603E-01  -2.9249E-02  -3.1402E-01  -4.9978E+02   1.9453E+00   1.1400E-01   1.9487E+00   2.7294E+02   3.0313E-14   1.8430E+02   1.2511E+01   7.3317E-01   6.3390E-01
 2.9424E-01  -2.9896E-02  -3.0222E-01  -5.0147E+02   1.9664E+00   1.0071E-01   1.9690E+00   2.7294E+02   3.1056E-14   1.8545E+02   1.2646E+01   6.4767E-01   6.3720E-01
 2.8240E-01  -3.0459E-02  -2.9037E-01  -4.9918E+02   1.9856E+00   8.7029E-02   1.9876E+00   2.7294E+02   3.1747E-14   1.8658E+02   1.2770E+01   5.5969E-01   6.4020E-01
 2.7055E-01  -3.0935E-02  -2.7850E-01  -4.9333E+02   2.0033E+00   7.3056E-02   2.0047E+00   2.7294E+02   3.2393E-14   1.8770E+02   1.2883E+01   4.6983E-01   6.4295E-01
 2.5872E-01  -3.1323E-02  -2.6667E-01  -4.8434E+02   2.0198E+00   5.8826E-02   2.0207E+00   2.7294E+02   3.2998E-14   1.8880E+02   1.2989E+01   3.7831E-01   6.4551E-01
 2.4696E-01  -3.1622E-02  -2.5491E-01  -4.7189E+02   2.0352E+00   4.4272E-02   2.0357E+00   2.7294E+02   3.3559E-14   1.8989E+02   1.3088E+01   2.8472E-01   6.4790E-01
 2.3531E-01  -3.1832E-02  -2.4326E-01  -4.5585E+02   2.0493E+00   2.9444E-02   2.0495E+00   2.7293E+02   3.4071E-14   1.9097E+02   1.3179E+01   1.8936E-01   6.5011E-01
 2.2380E-01  -3.1956E-02  -2.3175E-01  -4.3619E+02   2.0621E+00   1.4421E-02   2.0621E+00   2.7293E+02   3.4527E-14   1.9204E+02   1.3261E+01   9.2739E-02   6.5211E-01
 2.1247E-01  -3.1994E-02  -2.2042E-01  -4.1284E+02   2.0734E+00  -7.1561E-04   2.0734E+00   2.7293E+02   3.4923E-14   1.9309E+02   1.3334E+01  -4.6021E-03   6.5389E-01
 2.0136E-01  -3.1950E-02  -2.0930E-01  -3.8595E+02   2.0832E+00  -1.5844E-02   2.0832E+00   2.7293E+02   3.5257E-14   1.9413E+02   1.3397E+01  -1.0189E-01   6.5543E-01
 1.9048E-01  -3.1829E-02  -1.9842E-01  -3.5582E+02   2.0914E+00  -3.0855E-02   2.0917E+00   2.7293E+02   3.5532E-14   1.9516E+02   1.3450E+01  -1.9842E-01   6.5676E-01
 1.7988E-01  -3.1636E-02  -1.8782E-01  -3.2273E+02   2.0984E+00  -4.5673E-02   2.0989E+00   2.7293E+02   3.5751E-14   1.9618E+02   1.3494E+01  -2.9372E-01   6.5789E-01
 1.6957E-01  -3.1376E-02  -1.7750E-01  -2.8703E+02   2.1040E+00  -6.0232E-02   2.1049E+00   2.7293E+02   3.5921E-14   1.9721E+02   1.3530E+01  -3.8734E-01   6.5883E-01
 1.5957E-01  -3.1057E-02  -1.6750E-01  -2.4924E+02   2.1086E+00  -7.4480E-02   2.1100E+00   2.7293E+02   3.6052E-14   1.9824E+02   1.3560E+01  -4.7897E-01   6.5963E-01
 1.4991E-01  -3.0685E-02  -1.5784E-01  -2.0969E+02   2.1125E+00  -8.8429E-02   2.1144E+00   2.7292E+02   3.6150E-14   1.9928E+02   1.3585E+01  -5.6867E-01   6.6032E-01
 1.4060E-01  -3.0266E-02  -1.4852E-01  -1.6848E+02   2.1158E+00  -1.0208E-01   2.1183E+00   2.7292E+02   3.6221E-14   2.0033E+02   1.3606E+01  -6.5647E-01   6.6093E-01
 1.3165E-01  -2.9807E-02  -1.3955E-01  -1.2591E+02   2.1186E+00  -1.1540E-01   2.1217E+00   2.7292E+02   3.6280E-14   2.0143E+02   1.3624E+01  -7.4211E-01   6.6147E-01
 1.2307E-01  -2.9314E-02  -1.3095E-01  -8.2406E+01   2.1209E+00  -1.2835E-01   2.1248E+00   2.7292E+02   3.6355E-14   2.0259E+02   1.3639E+01  -8.2536E-01   6.6195E-01
 1.1485E-01  -2.8794E-02  -1.2273E-01  -3.9197E+01   2.1228E+00  -1.4088E-01   2.1275E+00   2.7292E+02   3.6503E-14   2.0383E+02   1.3651E+01  -9.0598E-01   6.6237E-01
 1.0702E-01  -2.8252E-02  -1.1487E-01  -9.8134E-01   2.1267E+00  -1.5321E-01   2.1322E+00   2.7292E+02   3.6781E-14   2.0514E+02   1.3676E+01  -9.8524E-01   6.6310E-01
 9.9557E-02  -2.7692E-02  -1.0739E-01   3.2549E+01   2.1361E+00  -1.6702E-01   2.1427E+00   2.7292E+02   3.7182E-14   2.0650E+02   1.3737E+01  -1.0740E+00   6.6473E-01
 9.2468E-02  -2.7113E-02  -1.0028E-01   6.7255E+01   2.1496E+00  -1.8358E-01   2.1574E+00   2.7292E+02   3.7609E-14   2.0788E+02   1.3823E+01  -1.1805E+00   6.6701E-01
 8.5747E-02  -2.6512E-02  -9.3530E-02   1.0529E+02   2.1634E+00  -2.0234E-01   2.1728E+00   2.7291E+02   3.7975E-14   2.0922E+02   1.3912E+01  -1.3012E+00   6.6939E-01
 7.9388E-02  -2.5890E-02  -8.7141E-02   1.4704E+02   2.1765E+00  -2.2286E-01   2.1879E+00   2.7291E+02   3.8242E-14   2.1050E+02   1.3996E+01  -1.4331E+00   6.7171E-01
 7.3384E-02  -2.5247E-02  -8.1102E-02   1.9351E+02   2.1886E+00  -2.4511E-01   2.2023E+00   2.7291E+02   3.8366E-14   2.1169E+02   1.4074E+01  -1.5762E+00   6.7392E-01
 6.7724E-02  -2.4585E-02  -7.5403E-02   2.4596E+02   2.1987E+00  -2.6884E-01   2.2150E+00   2.7291E+02   3.8300E-14   2.1278E+02   1.4139E+01  -1.7288E+00   6.7587E-01
 6.2398E-02  -2.3906E-02  -7.0035E-02   3.0483E+02   2.2057E+00  -2.9350E-01   2.2252E+00   2.7291E+02   3.8010E-14   2.1373E+02   1.4184E+01  -1.8874E+00   6.7741E-01
 5.7396E-02  -2.3214E-02  -6.4984E-02   3.7072E+02   2.2093E+00  -3.1855E-01   2.2321E+00   2.7291E+02   3.7475E-14   2.1456E+02   1.4207E+01  -2.0485E+00   6.7847E-01
 5.2704E-02  -2.2511E-02  -6.0240E-02   4.4479E+02   2.2070E+00  -3.4317E-01   2.2335E+00   2.7291E+02   3.6721E-14   2.1525E+02   1.4192E+01  -2.2068E+00   6.7868E-01
 4.8309E-02  -2.1805E-02  -5.5789E-02   5.2456E+02   2.1961E+00  -3.6574E-01   2.2264E+00   2.7291E+02   3.5836E-14   2.1578E+02   1.4122E+01  -2.3519E+00   6.7760E-01
 4.4201E-02  -2.1099E-02  -5.1620E-02   6.0479E+02   2.1758E+00  -3.8528E-01   2.2097E+00   2.7291E+02   3.4956E-14   2.1606E+02   1.3992E+01  -2.4775E+00   6.7505E-01
 4.0364E-02  -2.0401E-02  -4.7721E-02   6.7295E+02   2.1567E+00  -4.0366E-01   2.1941E+00   2.7291E+02   3.4140E-14   2.1608E+02   1.3869E+01  -2.5958E+00   6.7267E-01
 3.6787E-02  -1.9711E-02  -4.4078E-02   7.3077E+02   2.1555E+00  -4.2889E-01   2.1978E+00   2.7291E+02   3.3258E-14   2.1595E+02   1.3861E+01  -2.7581E+00   6.7322E-01
 3.3456E-02  -1.9023E-02  -4.0676E-02   7.9630E+02   2.1688E+00  -4.6567E-01   2.2183E+00   2.7291E+02   3.2041E-14   2.1572E+02   1.3947E+01  -2.9946E+00   6.7635E-01
 3.0356E-02  -1.8329E-02  -3.7499E-02   8.7714E+02   2.1829E+00  -5.1012E-01   2.2417E+00   2.7291E+02   3.0244E-14   2.1528E+02   1.4038E+01  -3.2805E+00   6.7991E-01
 2.7473E-02  -1.7626E-02  -3.4532E-02   9.7931E+02   2.1873E+00  -5.5807E-01   2.2574E+00   2.7291E+02   2.7828E-14   2.1454E+02   1.4067E+01  -3.5890E+00   6.8228E-01
 2.4796E-02  -1.6914E-02  -3.1761E-02   1.1010E+03   2.1731E+00  -6.0388E-01   2.2555E+00   2.7291E+02   2.4923E-14   2.1344E+02   1.3976E+01  -3.8836E+00   6.8198E-01
 2.2317E-02  -1.6198E-02  -2.9181E-02   1.2338E+03   2.1419E+00  -6.4364E-01   2.2365E+00   2.7291E+02   2.1694E-14   2.1181E+02   1.3775E+01  -4.1393E+00   6.7911E-01
 2.0028E-02  -1.5485E-02  -2.6783E-02   1.3755E+03   2.0945E+00  -6.7622E-01   2.2010E+00   2.7291E+02   1.8277E-14   2.0915E+02   1.3470E+01  -4.3489E+00   6.7369E-01
 1.7921E-02  -1.4783E-02  -2.4562E-02   1.5227E+03   2.0212E+00  -6.9722E-01   2.1380E+00   2.7292E+02   1.4593E-14   2.0431E+02   1.2999E+01  -4.4840E+00   6.6398E-01
 1.5986E-02  -1.4095E-02  -2.2509E-02   1.6703E+03   1.9137E+00  -7.0199E-01   2.0384E+00   2.7293E+02   1.0384E-14   1.9658E+02   1.2308E+01  -4.5148E+00   6.4832E-01
 1.4213E-02  -1.3426E-02  -2.0613E-02   1.8032E+03   1.8033E+00  -7.0049E-01   1.9345E+00   2.7294E+02   6.0674E-15   1.8871E+02   1.1598E+01  -4.5053E+00   6.3157E-01
 1.2590E-02  -1.2776E-02  -1.8864E-02   1.9097E+03   1.7840E+00  -7.3673E-01   1.9302E+00   2.7294E+02   2.9964E-15   1.8671E+02   1.1475E+01  -4.7388E+00   6.3084E-01
 1.1104E-02  -1.2135E-02  -1.7246E-02   2.0365E+03   1.8624E+00  -8.4194E-01   2.0438E+00   2.7293E+02   1.5427E-15   1.9311E+02   1.1980E+01  -5.4161E+00   6.4911E-01
 9.7433E-03  -1.1485E-02  -1.5738E-02   2.2007E+03   1.9457E+00  -9.8477E-01   2.1808E+00   2.7292E+02   9.3344E-16   2.0467E+02   1.2518E+01  -6.3356E+00   6.7046E-01
 8.4959E-03  -1.0814E-02  -1.4321E-02   2.4044E+03   1.9713E+00  -1.1273E+00   2.2708E+00   2.7290E+02   6.3151E-16   2.1792E+02   1.2683E+01  -7.2527E+00   6.8415E-01
 7.3515E-03  -1.0119E-02  -1.2982E-02   2.6402E+03   1.9048E+00  -1.2313E+00   2.2681E+00   2.7289E+02   4.5086E-16   2.3113E+02   1.2255E+01  -7.9220E+00   6.8374E-01
 6.3017E-03  -9.3997E-03  -1.1709E-02   2.8858E+03   1.7454E+00  -1.2690E+00   2.1580E+00   2.7287E+02   3.2643E-16   2.4354E+02   1.1229E+01  -8.1643E+00   6.6695E-01
 5.3454E-03  -8.6660E-03  -1.0503E-02   3.1175E+03   1.5279E+00  -1.2389E+00   1.9670E+00   2.7286E+02   2.3189E-16   2.5502E+02   9.8293E+00  -7.9699E+00   6.3677E-01
 4.4860E-03  -7.9328E-03  -9.3728E-03   3.3260E+03   1.2774E+00  -1.1489E+00   1.7181E+00   2.7285E+02   1.6570E-16   2.6632E+02   8.2179E+00  -7.3911E+00   5.9513E-01
 3.7245E-03  -7.2129E-03  -8.3246E-03   3.5023E+03   9.9979E-01  -9.9534E-01   1.4108E+00   2.7284E+02   1.2952E-16   2.7809E+02   6.4316E+00  -6.4030E+00   5.3929E-01
 3.0580E-03  -6.5153E-03  -7.3594E-03   3.6392E+03   6.9988E-01  -7.7125E-01   1.0415E+00   2.7282E+02   1.1442E-16   2.9030E+02   4.5022E+00  -4.9614E+00   4.6336E-01
 2.4812E-03  -5.8461E-03  -6.4757E-03   3.7300E+03   3.8448E-01  -4.6938E-01   6.0675E-01   2.7281E+02   1.1429E-16   3.0268E+02   2.4733E+00  -3.0195E+00   3.5367E-01
 1.9875E-03  -5.2091E-03  -5.6695E-03   3.7693E+03   6.5403E-02  -8.6896E-02   1.0876E-01   2.7279E+02   1.2985E-16   3.1506E+02   4.2074E-01  -5.5900E-01   1.4973E-01
 1.5694E-03  -4.6067E-03  -4.9359E-03   3.7546E+03  -2.4446E-01   3.7731E-01   4.4958E-01   2.7278E+02   1.6675E-16   3.2743E+02  -1.5726E+00   2.4272E+00   3.0443E-01
 1.2191E-03  -4.0397E-03  -4.2692E-03   3.6841E+03  -5.3362E-01   9.2535E-01   1.0682E+00   2.7277E+02   2.1809E-16   3.3944E+02  -3.4328E+00   5.9528E+00   4.6925E-01
 9.2921E-04  -3.5082E-03  -3.6636E-03   3.5570E+03  -7.8604E-01   1.5493E+00   1.7373E+00   2.7275E+02   2.9172E-16   3.5074E+02  -5.0567E+00   9.9672E+00   5.9844E-01
 6.9226E-04  -3.0117E-03  -3.1132E-03   3.3761E+03  -9.8501E-01   2.2325E+00   2.4401E+00   2.7274E+02   3.9102E-16   3.6108E+02  -6.3368E+00   1.4362E+01   7.0923E-01
 5.0147E-04  -2.5491E-03  -2.6126E-03   3.1464E+03  -1.1177E+00   2.9545E+00   3.1588E+00   2.7273E+02   5.1889E-16   3.7026E+02  -7.1907E+00   1.9007E+01   8.0694E-01
 3.5055E-04  -2.1190E-03  -2.1567E-03   2.8750E+03  -1.1757E+00   3.6907E+00   3.8735E+00   2.7272E+02   6.7699E-16   3.7815E+02  -7.5638E+00   2.3744E+01   8.9356E-01
 2.3379E-04  -1.7199E-03  -1.7407E-03   2.5709E+03  -1.1558E+00   4.4146E+00   4.5634E+00   2.7272E+02   8.6574E-16   3.8463E+02  -7.4358E+00   2.8402E+01   9.6988E-01
 1.4607E-04  -1.3501E-03  -1.3606E-03   2.2439E+03  -1.0604E+00   5.0987E+00   5.2078E+00   2.7271E+02   1.0862E-15   3.8970E+02  -6.8223E+00   3.2803E+01   1.0361E+00
 8.2861E-05  -1.0079E-03  -1.0124E-03   1.9050E+03  -8.9819E-01   5.7230E+00   5.7930E+00   2.7271E+02   1.3438E-15   3.9350E+02  -5.7786E+00   3.6819E+01   1.0928E+00
 4.0153E-05  -6.9155E-04  -6.9310E-04   1.5629E+03  -6.7892E-01   6.2476E+00   6.2844E+00   2.7270E+02   1.6598E-15   3.9683E+02  -4.3679E+00   4.0194E+01   1.1382E+00
 1.4452E-05  -3.9928E-04  -3.9963E-04   1.2374E+03  -4.2513E-01   6.7739E+00   6.7872E+00   2.7270E+02   2.0511E-15   4.0011E+02  -2.7351E+00   4.3580E+01   1.1828E+00
 2.7229E-06  -1.2949E-04  -1.2951E-04   8.9345E+02  -1.4372E-01   7.3227E+00   7.3241E+00   2.7270E+02   2.2480E-15   3.9873E+02  -9.2464E-01   4.7112E+01   1.2287E+00
 2.7056E-06   1.2907E-04   1.2910E-04   5.2302E+02   1.6097E-01   7.4242E+00   7.4260E+00   2.7271E+02   2.1880E-15   3.9120E+02   1.0357E+00   4.7767E+01   1.2372E+00
 1.4285E-05   3.9713E-04   3.9747E-04   2.4779E+02   4.7340E-01   7.2675E+00   7.2829E+00   2.7271E+02   2.4408E-15   3.8645E+02   3.0458E+00   4.6758E+01   1.2252E+00
 3.9456E-05   6.8568E-04   6.8719E-04  -3.6633E+01   8.1982E-01   7.4177E+00   7.4628E+00   2.7272E+02   2.9337E-15   3.8357E+02   5.2746E+00   4.7724E+01   1.2403E+00
 8.0913E-05   9.9611E-04   1.0005E-03  -4.0933E+02   1.2029E+00   7.6345E+00   7.7287E+00   2.7272E+02   3.3986E-15   3.7840E+02   7.7393E+00   4.9119E+01   1.2622E+00
 1.4172E-04   1.3298E-03   1.3397E-03  -7.9751E+02   1.5857E+00   7.6491E+00   7.8117E+00   2.7273E+02   3.9204E-15   3.7148E+02   1.0202E+01   4.9213E+01   1.2689E+00
 2.2532E-04   1.6881E-03   1.7078E-03  -1.1837E+03   1.9589E+00   7.5463E+00   7.7964E+00   2.7274E+02   4.6074E-15   3.6346E+02   1.2603E+01   4.8552E+01   1.2677E+00
 3.3561E-04   2.0726E-03   2.1079E-03  -1.5755E+03   2.3220E+00   7.3861E+00   7.7425E+00   2.7275E+02   5.5497E-15   3.5466E+02   1.4939E+01   4.7521E+01   1.2633E+00
 4.7689E-04   2.4844E-03   2.5434E-03  -1.9717E+03   2.6639E+00   7.1653E+00   7.6445E+00   2.7276E+02   6.8921E-15   3.4517E+02   1.7139E+01   4.6100E+01   1.2553E+00
 6.5394E-04   2.9248E-03   3.0183E-03  -2.3657E+03   2.9733E+00   6.8834E+00   7.4981E+00   2.7277E+02   8.9492E-15   3.3520E+02   1.9129E+01   4.4285E+01   1.2432E+00
 8.7195E-04   3.3950E-03   3.5367E-03  -2.7520E+03   3.2450E+00   6.5548E+00   7.3141E+00   2.7278E+02   1.2457E-14   3.2513E+02   2.0877E+01   4.2171E+01   1.2279E+00
 1.1365E-03   3.8957E-03   4.1032E-03  -3.1274E+03   3.4800E+00   6.2002E+00   7.1101E+00   2.7279E+02   1.9215E-14   3.1569E+02   2.2389E+01   3.9889E+01   1.2106E+00
 1.4536E-03   4.4274E-03   4.7225E-03  -3.4887E+03   3.6888E+00   5.8469E+00   6.9133E+00   2.7280E+02   3.4279E-14   3.0845E+02   2.3731E+01   3.7615E+01   1.1938E+00
 1.8294E-03   4.9901E-03   5.3993E-03  -3.8329E+03   3.8989E+00   5.5360E+00   6.7712E+00   2.7280E+02   7.0320E-14   3.0645E+02   2.5081E+01   3.5613E+01   1.1815E+00
 2.2702E-03   5.5831E-03   6.1385E-03  -4.1573E+03   4.1548E+00   5.3135E+00   6.7451E+00   2.7280E+02   1.4694E-13   3.1351E+02   2.6726E+01   3.4180E+01   1.1792E+00
 2.7821E-03   6.2049E-03   6.9441E-03  -4.4618E+03   4.4723E+00   5.1730E+00   6.8382E+00   2.7278E+02   2.5592E-13   3.2860E+02   2.8766E+01   3.3273E+01   1.1874E+00
 3.3709E-03   6.8527E-03   7.8198E-03  -4.7508E+03   4.8016E+00   5.0374E+00   6.9592E+00   2.7276E+02   3.5205E-13   3.4409E+02   3.0881E+01   3.2398E+01   1.1979E+00
 4.0413E-03   7.5223E-03   8.7676E-03  -5.0274E+03   5.0870E+00   4.8476E+00   7.0269E+00   2.7275E+02   4.1804E-13   3.5456E+02   3.2715E+01   3.1175E+01   1.2038E+00
 4.7966E-03   8.2076E-03   9.7877E-03  -5.2893E+03   5.3130E+00   4.5974E+00   7.0259E+00   2.7274E+02   4.6614E-13   3.6017E+02   3.4167E+01   2.9565E+01   1.2037E+00
 5.6377E-03   8.8999E-03   1.0877E-02  -5.5272E+03   5.4888E+00   4.3017E+00   6.9736E+00   2.7274E+02   5.0471E-13   3.6279E+02   3.5297E+01   2.7663E+01   1.1992E+00
 6.5623E-03   9.5874E-03   1.2030E-02  -5.7369E+03   5.5973E+00   3.9503E+00   6.8509E+00   2.7274E+02   5.3201E-13   3.6293E+02   3.5995E+01   2.5404E+01   1.1886E+00
 7.5676E-03   1.0258E-02   1.3239E-02  -5.8888E+03   5.5464E+00   3.4999E+00   6.5584E+00   2.7274E+02   5.4461E-13   3.6046E+02   3.5668E+01   2.2508E+01   1.1629E+00
 8.6559E-03   1.0906E-02   1.4506E-02  -5.8942E+03   5.2948E+00   2.9770E+00   6.0744E+00   2.7275E+02   5.4291E-13   3.5640E+02   3.4049E+01   1.9144E+01   1.1192E+00
 9.8344E-03   1.1532E-02   1.5841E-02  -5.7330E+03   4.9258E+00   2.4709E+00   5.5108E+00   2.7275E+02   5.2400E-13   3.5185E+02   3.1674E+01   1.5888E+01   1.0661E+00
 1.1111E-02   1.2139E-02   1.7255E-02  -5.4455E+03   4.5431E+00   2.0512E+00   4.9847E+00   2.7276E+02   4.8896E-13   3.4766E+02   2.9210E+01   1.3188E+01   1.0140E+00
 1.2497E-02   1.2738E-02   1.8764E-02  -5.0878E+03   4.2452E+00   1.7597E+00   4.5955E+00   2.7276E+02   4.4655E-13   3.4503E+02   2.7291E+01   1.1313E+01   9.7363E-01
 1.4000E-02   1.3343E-02   2.0385E-02  -4.7362E+03   4.1641E+00   1.6285E+00   4.4713E+00   2.7276E+02   4.0456E-13   3.4422E+02   2.6769E+01   1.0469E+01   9.6042E-01
 1.5631E-02   1.3965E-02   2.2131E-02  -4.5408E+03   4.2388E+00   1.5725E+00   4.5211E+00   2.7276E+02   3.6647E-13   3.4306E+02   2.7248E+01   1.0109E+01   9.6576E-01
 1.7400E-02   1.4602E-02   2.4011E-02  -4.4318E+03   4.2785E+00   1.5003E+00   4.5339E+00   2.7277E+02   3.3735E-13   3.4053E+02   2.7504E+01   9.6446E+00   9.6713E-01
 1.9315E-02   1.5253E-02   2.6033E-02  -4.3400E+03   4.2553E+00   1.4048E+00   4.4812E+00   2.7277E+02   3.1436E-13   3.3678E+02   2.7355E+01   9.0309E+00   9.6148E-01
 2.1383E-02   1.5914E-02   2.8205E-02  -4.2498E+03   4.2014E+00   1.2999E+00   4.3979E+00   2.7277E+02   2.9516E-13   3.3250E+02   2.7009E+01   8.3566E+00   9.5249E-01
 2.3612E-02   1.6580E-02   3.0531E-02  -4.1568E+03   4.1311E+00   1.1917E+00   4.2996E+00   2.7278E+02   2.7767E-13   3.2802E+02   2.6557E+01   7.6611E+00   9.4178E-01
 2.6008E-02   1.7245E-02   3.3018E-02  -4.0577E+03   4.0421E+00   1.0805E+00   4.1840E+00   2.7278E+02   2.6027E-13   3.2322E+02   2.5986E+01   6.9463E+00   9.2903E-01
 2.8577E-02   1.7903E-02   3.5670E-02  -3.9444E+03   3.9238E+00   9.6704E-01   4.0412E+00   2.7279E+02   2.4224E-13   3.1800E+02   2.5225E+01   6.2169E+00   9.1303E-01
 3.1325E-02   1.8554E-02   3.8494E-02  -3.8024E+03   3.7841E+00   8.5999E-01   3.8806E+00   2.7280E+02   2.2365E-13   3.1262E+02   2.4327E+01   5.5287E+00   8.9471E-01
 3.4263E-02   1.9196E-02   4.1502E-02  -3.6414E+03   3.6463E+00   7.6725E-01   3.7261E+00   2.7280E+02   2.0494E-13   3.0724E+02   2.3441E+01   4.9325E+00   8.7672E-01
 3.7403E-02   1.9834E-02   4.4706E-02  -3.4763E+03   3.5248E+00   6.9280E-01   3.5922E+00   2.7281E+02   1.8712E-13   3.0199E+02   2.2660E+01   4.4539E+00   8.6082E-01
 4.0755E-02   2.0475E-02   4.8119E-02  -3.3209E+03   3.4397E+00   6.4010E-01   3.4988E+00   2.7281E+02   1.7142E-13   2.9699E+02   2.2114E+01   4.1151E+00   8.4955E-01
 4.4330E-02   2.1123E-02   5.1752E-02  -3.2070E+03   3.3888E+00   5.9893E-01   3.4414E+00   2.7282E+02   1.5852E-13   2.9211E+02   2.1787E+01   3.8505E+00   8.4254E-01
 4.8139E-02   2.1777E-02   5.5617E-02  -3.1237E+03   3.3414E+00   5.5791E-01   3.3876E+00   2.7283E+02   1.4824E-13   2.8731E+02   2.1482E+01   3.5868E+00   8.3593E-01
 5.2192E-02   2.2432E-02   5.9722E-02  -3.0481E+03   3.2860E+00   5.1514E-01   3.3262E+00   2.7283E+02   1.3972E-13   2.8270E+02   2.1127E+01   3.3119E+00   8.2831E-01
 5.6498E-02   2.3084E-02   6.4078E-02  -2.9729E+03   3.2244E+00   4.7169E-01   3.2587E+00   2.7284E+02   1.3204E-13   2.7827E+02   2.0731E+01   3.0326E+00   8.1986E-01
 6.1068E-02   2.3728E-02   6.8693E-02  -2.8936E+03   3.1589E+00   4.2936E-01   3.1880E+00   2.7284E+02   1.2472E-13   2.7398E+02   2.0310E+01   2.7605E+00   8.1091E-01
 6.5912E-02   2.4362E-02   7.3578E-02  -2.8120E+03   3.0923E+00   3.8907E-01   3.1167E+00   2.7285E+02   1.1761E-13   2.6978E+02   1.9882E+01   2.5015E+00   8.0179E-01
 7.1038E-02   2.4981E-02   7.8742E-02  -2.7290E+03   3.0249E+00   3.5119E-01   3.0453E+00   2.7285E+02   1.1071E-13   2.6560E+02   1.9449E+01   2.2580E+00   7.9254E-01
 7.6456E-02   2.5584E-02   8.4193E-02  -2.6449E+03   2.9573E+00   3.1616E-01   2.9742E+00   2.7285E+02   1.0408E-13   2.6147E+02   1.9014E+01   2.0328E+00   7.8323E-01
 8.2174E-02   2.6171E-02   8.9940E-02  -2.5605E+03   2.8913E+00   2.8439E-01   2.9053E+00   2.7286E+02   9.7799E-14   2.5739E+02   1.8590E+01   1.8285E+00   7.7410E-01
 8.8197E-02   2.6738E-02   9.5990E-02  -2.4779E+03   2.8277E+00   2.5566E-01   2.8392E+00   2.7286E+02   9.1922E-14   2.5341E+02   1.8181E+01   1.6438E+00   7.6524E-01
 9.4532E-02   2.7288E-02   1.0235E-01  -2.3970E+03   2.7664E+00   2.3003E-01   2.7759E+00   2.7287E+02   8.6436E-14   2.4952E+02   1.7787E+01   1.4790E+00   7.5666E-01
 1.0118E-01   2.7819E-02   1.0902E-01  -2.3189E+03   2.7101E+00   2.0791E-01   2.7181E+00   2.7287E+02   8.1457E-14   2.4582E+02   1.7426E+01   1.3369E+00   7.4874E-01
 1.0815E-01   2.8334E-02   1.1601E-01  -2.2465E+03   2.6635E+00   1.8964E-01   2.6702E+00   2.7288E+02   7.7116E-14   2.4235E+02   1.7126E+01   1.2194E+00   7.4211E-01
 1.1545E-01   2.8834E-02   1.2332E-01  -2.1872E+03   2.6262E+00   1.7318E-01   2.6319E+00   2.7288E+02   7.3462E-14   2.3911E+02   1.6886E+01   1.1135E+00   7.3676E-01
 1.2306E-01   2.9314E-02   1.3095E-01  -2.1376E+03   2.5926E+00   1.5690E-01   2.5974E+00   2.7288E+02   7.0381E-14   2.3608E+02   1.6671E+01   1.0089E+00   7.3191E-01
 1.3099E-01   2.9772E-02   1.3889E-01  -2.0922E+03   2.5604E+00   1.4065E-01   2.5642E+00   2.7289E+02   6.7694E-14   2.3326E+02   1.6463E+01   9.0436E-01   7.2722E-01
 1.3924E-01   3.0201E-02   1.4715E-01  -2.0495E+03   2.5294E+00   1.2442E-01   2.5325E+00   2.7289E+02   6.5264E-14   2.3061E+02   1.6264E+01   8.0004E-01   7.2270E-01
 1.4780E-01   3.0596E-02   1.5572E-01  -2.0088E+03   2.4994E+00   1.0823E-01   2.5017E+00   2.7289E+02   6.3016E-14   2.2811E+02   1.6072E+01   6.9595E-01   7.1830E-01
 1.5666E-01   3.0953E-02   1.6459E-01  -1.9695E+03   2.4700E+00   9.2099E-02   2.4718E+00   2.7289E+02   6.0906E-14   2.2574E+02   1.5883E+01   5.9222E-01   7.1398E-01
 1.6581E-01   3.1265E-02   1.7374E-01  -1.9313E+03   2.4411E+00   7.6019E-02   2.4423E+00   2.7290E+02   5.8903E-14   2.2346E+02   1.5697E+01   4.8882E-01   7.0971E-01
 1.7523E-01   3.1529E-02   1.8317E-01  -1.8938E+03   2.4123E+00   5.9946E-02   2.4130E+00   2.7290E+02   5.6984E-14   2.2127E+02   1.5512E+01   3.8547E-01   7.0544E-01
 1.8492E-01   3.1738E-02   1.9287E-01  -1.8563E+03   2.3832E+00   4.3902E-02   2.3836E+00   2.7290E+02   5.5125E-14   2.1915E+02   1.5325E+01   2.8231E-01   7.0112E-01
 1.9486E-01   3.1888E-02   2.0280E-01  -1.8182E+03   2.3536E+00   2.7936E-02   2.3537E+00   2.7290E+02   5.3310E-14   2.1710E+02   1.5135E+01   1.7964E-01   6.9672E-01
 2.0502E-01   3.1975E-02   2.1296E-01  -1.7793E+03   2.3233E+00   1.2100E-02   2.3234E+00   2.7291E+02   5.1520E-14   2.1511E+02   1.4940E+01   7.7810E-02   6.9220E-01
 2.1538E-01   3.1993E-02   2.2332E-01  -1.7392E+03   2.2922E+00  -3.5406E-03   2.2922E+00   2.7291E+02   4.9745E-14   2.1315E+02   1.4740E+01  -2.2768E-02   6.8755E-01
 2.2592E-01   3.1941E-02   2.3386E-01  -1.6976E+03   2.2603E+00  -1.8883E-02   2.2603E+00   2.7291E+02   4.7981E-14   2.1124E+02   1.4535E+01  -1.2143E-01   6.8275E-01
 2.3661E-01   3.1815E-02   2.4455E-01  -1.6543E+03   2.2275E+00  -3.3842E-02   2.2278E+00   2.7291E+02   4.6229E-14   2.0937E+02   1.4324E+01  -2.1762E-01   6.7781E-01
 2.4742E-01   3.1613E-02   2.5536E-01  -1.6095E+03   2.1941E+00  -4.8356E-02   2.1946E+00   2.7292E+02   4.4493E-14   2.0752E+02   1.4109E+01  -3.1096E-01   6.7275E-01
 2.5832E-01   3.1336E-02   2.6627E-01  -1.5631E+03   2.1601E+00  -6.2371E-02   2.1610E+00   2.7292E+02   4.2775E-14   2.0571E+02   1.3891E+01  -4.0109E-01   6.6756E-01
 2.6929E-01   3.0982E-02   2.7724E-01  -1.5151E+03   2.1255E+00  -7.5851E-02   2.1269E+00   2.7292E+02   4.1081E-14   2.0394E+02   1.3669E+01  -4.8778E-01   6.6228E-01
 2.8028E-01   3.0552E-02   2.8825E-01  -1.4660E+03   2.0904E+00  -8.8868E-02   2.0923E+00   2.7292E+02   3.9412E-14   2.0218E+02   1.3443E+01  -5.7149E-01   6.5687E-01
 2.9128E-01   3.0047E-02   2.9926E-01  -1.4152E+03   2.0544E+00  -1.0141E-01   2.0569E+00   2.7292E+02   3.7762E-14   2.0046E+02   1.3211E+01  -6.5217E-01   6.5128E-01
 3.0224E-01   2.9468E-02   3.1023E-01  -1.3623E+03   2.0171E+00  -1.1342E-01   2.0203E+00   2.7293E+02   3.6125E-14   1.9875E+02   1.2972E+01  -7.2938E-01   6.4547E-01
 3.1314E-01   2.8818E-02   3.2115E-01  -1.3072E+03   1.9786E+00  -1.2481E-01   1.9825E+00   2.7293E+02   3.4492E-14   1.9704E+02   1.2724E+01  -8.0265E-01   6.3940E-01
 3.2395E-01   2.8099E-02   3.3198E-01  -1.2497E+03   1.9386E+00  -1.3550E-01   1.9433E+00   2.7293E+02   3.2859E-14   1.9534E+02   1.2467E+01  -8.7137E-01   6.3304E-01
 3.3463E-01   2.7317E-02   3.4269E-01  -1.1894E+03   1.8973E+00  -1.4530E-01   1.9028E+00   2.7293E+02   3.1233E-14   1.9364E+02   1.2201E+01  -9.3444E-01   6.2641E-01
 3.4516E-01   2.6477E-02   3.5326E-01  -1.1269E+03   1.8552E+00  -1.5419E-01   1.8616E+00   2.7293E+02   2.9623E-14   1.9194E+02   1.1931E+01  -9.9156E-01   6.1958E-01
 3.5551E-01   2.5584E-02   3.6364E-01  -1.0626E+03   1.8124E+00  -1.6214E-01   1.8196E+00   2.7294E+02   2.8041E-14   1.9025E+02   1.1655E+01  -1.0427E+00   6.1256E-01
 3.6566E-01   2.4645E-02   3.7384E-01  -9.9683E+02   1.7689E+00  -1.6915E-01   1.7770E+00   2.7294E+02   2.6488E-14   1.8855E+02   1.1376E+01  -1.0878E+00   6.0533E-01
 3.7558E-01   2.3667E-02   3.8381E-01  -9.2962E+02   1.7245E+00  -1.7520E-01   1.7334E+00   2.7294E+02   2.4951E-14   1.8682E+02   1.1090E+01  -1.1267E+00   5.9787E-01
 3.8526E-01   2.2656E-02   3.9354E-01  -8.6122E+02   1.6796E+00  -1.8032E-01   1.6893E+00   2.7294E+02   2.3457E-14   1.8510E+02   1.0802E+01  -1.1597E+00   5.9021E-01
 3.9468E-01   2.1619E-02   4.0301E-01  -7.9176E+02   1.6342E+00  -1.8453E-01   1.6446E+00   2.7294E+02   2.2010E-14   1.8338E+02   1.0510E+01  -1.1867E+00   5.8235E-01
 4.0381E-01   2.0563E-02   4.1221E-01  -7.2138E+02   1.5883E+00  -1.8783E-01   1.5994E+00   2.7294E+02   2.0609E-14   1.8165E+02   1.0215E+01  -1.2080E+00   5.7429E-01
 4.1266E-01   1.9495E-02   4.2112E-01  -6.5019E+02   1.5419E+00  -1.9025E-01   1.5536E+00   2.7295E+02   1.9252E-14   1.7992E+02   9.9162E+00  -1.2235E+00   5.6600E-01
 4.2121E-01   1.8420E-02   4.2974E-01  -5.7827E+02   1.4949E+00  -1.9179E-01   1.5071E+00   2.7295E+02   1.7943E-14   1.7818E+02   9.6139E+00  -1.2334E+00   5.5747E-01
 4.2944E-01   1.7344E-02   4.3804E-01  -5.0574E+02   1.4472E+00  -1.9245E-01   1.4600E+00   2.7295E+02   1.6681E-14   1.7643E+02   9.3075E+00  -1.2377E+00   5.4868E-01
 4.3736E-01   1.6274E-02   4.4604E-01  -4.3245E+02   1.3993E+00  -1.9217E-01   1.4124E+00   2.7295E+02   1.5470E-14   1.7468E+02   8.9991E+00  -1.2359E+00   5.3967E-01
 4.4497E-01   1.5215E-02   4.5371E-01  -3.5912E+02   1.3515E+00  -1.9105E-01   1.3650E+00   2.7295E+02   1.4317E-14   1.7294E+02   8.6923E+00  -1.2287E+00   5.3053E-01
 4.5225E-01   1.4172E-02   4.6107E-01  -2.8623E+02   1.3041E+00  -1.8917E-01   1.3177E+00   2.7296E+02   1.3221E-14   1.7119E+02   8.3871E+00  -1.2166E+00   5.2127E-01
 4.5921E-01   1.3150E-02   4.6811E-01  -2.1400E+02   1.2568E+00  -1.8658E-01   1.2706E+00   2.7296E+02   1.2180E-14   1.6943E+02   8.0832E+00  -1.2000E+00   5.1186E-01
 4.6586E-01   1.2153E-02   4.7483E-01  -1.4263E+02   1.2100E+00  -1.8340E-01   1.2239E+00   2.7296E+02   1.1202E-14   1.6767E+02   7.7823E+00  -1.1795E+00   5.0235E-01
 4.7219E-01   1.1185E-02   4.8124E-01  -7.2380E+01   1.1639E+00  -1.7972E-01   1.1777E+00   2.7296E+02   1.0288E-14   1.6592E+02   7.4854E+00  -1.1559E+00   4.9278E-01
 4.7822E-01   1.0247E-02   4.8733E-01  -3.4434E+00   1.1188E+00  -1.7567E-01   1.1325E+00   2.7296E+02   9.4366E-15   1.6419E+02   7.1956E+00  -1.1298E+00   4.8324E-01
 4.8394E-01   9.3405E-03   4.9313E-01   6.3486E+01   1.0745E+00  -1.7166E-01   1.0881E+00   2.7297E+02   8.6383E-15   1.6242E+02   6.9106E+00  -1.1040E+00   4.7367E-01
 4.8937E-01   8.4639E-03   4.9862E-01   1.2838E+02   1.0264E+00  -1.6771E-01   1.0400E+00   2.7297E+02   7.8684E-15   1.6050E+02   6.6011E+00  -1.0787E+00   4.6307E-01
 4.9450E-01   7.6131E-03   5.0383E-01   1.9577E+02   9.7103E-01  -1.6306E-01   9.8462E-01   2.7297E+02   7.1027E-15   1.5838E+02   6.2453E+00  -1.0487E+00   4.5058E-01
 4.9936E-01   6.7852E-03   5.0876E-01   2.6643E+02   9.0882E-01  -1.5736E-01   9.2235E-01   2.7297E+02   6.3289E-15   1.5601E+02   5.8453E+00  -1.0121E+00   4.3609E-01
 5.0394E-01   5.9784E-03   5.1341E-01   3.4060E+02   8.3976E-01  -1.5026E-01   8.5310E-01   2.7298E+02   5.5507E-15   1.5334E+02   5.4012E+00  -9.6644E-01   4.1940E-01
 5.0827E-01   5.1920E-03   5.1780E-01   4.1823E+02   7.6419E-01  -1.4147E-01   7.7717E-01   2.7298E+02   4.7799E-15   1.5034E+02   4.9151E+00  -9.0994E-01   4.0030E-01
 5.1234E-01   4.4259E-03   5.2195E-01   4.9876E+02   6.8257E-01  -1.3068E-01   6.9496E-01   2.7298E+02   4.0355E-15   1.4701E+02   4.3902E+00  -8.4053E-01   3.7854E-01
 5.1616E-01   3.6810E-03   5.2585E-01   5.8190E+02   5.9864E-01  -1.1839E-01   6.1023E-01   2.7299E+02   3.3267E-15   1.4322E+02   3.8504E+00  -7.6151E-01   3.5471E-01
 5.1976E-01   2.9584E-03   5.2951E-01   6.6280E+02   5.0362E-01  -1.0276E-01   5.1399E-01   2.7299E+02   2.6846E-15   1.3917E+02   3.2393E+00  -6.6094E-01   3.2554E-01
 5.2314E-01   2.2590E-03   5.3296E-01   7.5278E+02   4.2400E-01  -8.9134E-02   4.3326E-01   2.7300E+02   2.0636E-15   1.3372E+02   2.7272E+00  -5.7333E-01   2.9888E-01
 5.2631E-01   1.5835E-03   5.3620E-01   8.1556E+02   2.8299E-01  -6.1169E-02   2.8952E-01   2.7300E+02   1.5727E-15   1.2872E+02   1.8203E+00  -3.9346E-01   2.4432E-01
 5.2928E-01   9.3251E-04   5.3924E-01   9.4028E+02   2.4914E-01  -5.5399E-02   2.5522E-01   2.7301E+02   1.1040E-15   1.2240E+02   1.6025E+00  -3.5634E-01   2.2939E-01
 5.3206E-01   3.0663E-04   5.4209E-01   9.4187E+02   1.0345E-01  -3.4056E-02   1.0892E-01   2.7298E+02   2.0025E-15   1.5306E+02   6.6631E-01  -2.1935E-01   1.4889E-01
