#        X=           Y=           S=           P=           U=           V=         Vel=           T=         mut=         hcv=          Ax=          Ay=       Yplus=
 9.9902E-01  -1.3955E-03  -1.0186E+00   5.3700E+02   1.3348E+00   1.9068E-01   1.3484E+00   2.6204E+02   7.5648E-13   3.5803E+03   3.3756E+00   4.8221E-01   1.0103E+00
 9.7881E-01  -4.1857E-03  -9.9825E-01   4.4578E+02   1.2761E+00   1.7446E-01   1.2880E+00   2.6204E+02   1.8689E-13   4.7021E+03   4.2382E+00   5.7943E-01   8.6157E-01
 9.5823E-01  -6.9654E-03  -9.7747E-01   3.6521E+02   1.3752E+00   1.8339E-01   1.3873E+00   2.6204E+02   2.1324E-13   4.7023E+03   4.5673E+00   6.0911E-01   8.9418E-01
 9.3729E-01  -9.7237E-03  -9.5635E-01   3.0721E+02   1.4699E+00   1.9120E-01   1.4823E+00   2.6204E+02   2.3933E-13   4.7023E+03   4.8819E+00   6.3503E-01   9.2427E-01
 9.1602E-01  -1.2456E-02  -9.3490E-01   2.5895E+02   1.5365E+00   1.9489E-01   1.5489E+00   2.6204E+02   2.6037E-13   4.7023E+03   5.1033E+00   6.4729E-01   9.4480E-01
 8.9445E-01  -1.5157E-02  -9.1317E-01   2.1856E+02   1.5927E+00   1.9704E-01   1.6048E+00   2.6204E+02   2.8169E-13   4.7023E+03   5.2897E+00   6.5442E-01   9.6171E-01
 8.7262E-01  -1.7824E-02  -8.9118E-01   1.8366E+02   1.6400E+00   1.9783E-01   1.6519E+00   2.6204E+02   3.0108E-13   4.7023E+03   5.4469E+00   6.5704E-01   9.7572E-01
 8.5056E-01  -2.0451E-02  -8.6897E-01   1.5285E+02   1.6818E+00   1.9776E-01   1.6934E+00   2.6204E+02   3.1907E-13   4.7023E+03   5.5858E+00   6.5682E-01   9.8790E-01
 8.2832E-01  -2.3033E-02  -8.4657E-01   1.2565E+02   1.7192E+00   1.9690E-01   1.7304E+00   2.6204E+02   3.3594E-13   4.7023E+03   5.7099E+00   6.5396E-01   9.9864E-01
 8.0591E-01  -2.5566E-02  -8.2402E-01   1.0068E+02   1.7534E+00   1.9562E-01   1.7642E+00   2.6204E+02   3.5205E-13   4.7023E+03   5.8234E+00   6.4971E-01   1.0084E+00
 7.8339E-01  -2.8045E-02  -8.0136E-01   7.7824E+01   1.7854E+00   1.9382E-01   1.7959E+00   2.6204E+02   3.6761E-13   4.7023E+03   5.9299E+00   6.4375E-01   1.0174E+00
 7.6079E-01  -3.0464E-02  -7.7863E-01   5.6889E+01   1.8151E+00   1.9153E-01   1.8252E+00   2.6204E+02   3.8235E-13   4.7023E+03   6.0284E+00   6.3614E-01   1.0256E+00
 7.3815E-01  -3.2819E-02  -7.5587E-01   3.7013E+01   1.8434E+00   1.8900E-01   1.8531E+00   2.6204E+02   3.9691E-13   4.7023E+03   6.1226E+00   6.2771E-01   1.0334E+00
 7.1551E-01  -3.5105E-02  -7.3312E-01   1.8415E+01   1.8710E+00   1.8603E-01   1.8802E+00   2.6204E+02   4.1141E-13   4.7023E+03   6.2142E+00   6.1788E-01   1.0410E+00
 6.9291E-01  -3.7316E-02  -7.1041E-01   7.0007E-01   1.8978E+00   1.8275E-01   1.9066E+00   2.6204E+02   4.2588E-13   4.7023E+03   6.3033E+00   6.0696E-01   1.0482E+00
 6.7040E-01  -3.9448E-02  -6.8780E-01  -1.5900E+01   1.9240E+00   1.7903E-01   1.9323E+00   2.6204E+02   4.4039E-13   4.7023E+03   6.3902E+00   5.9460E-01   1.0553E+00
 6.4800E-01  -4.1495E-02  -6.6531E-01  -3.2155E+01   1.9499E+00   1.7505E-01   1.9578E+00   2.6204E+02   4.5511E-13   4.7023E+03   6.4763E+00   5.8140E-01   1.0622E+00
 6.2576E-01  -4.3454E-02  -6.4298E-01  -4.7524E+01   1.9759E+00   1.7055E-01   1.9832E+00   2.6204E+02   4.7007E-13   4.7023E+03   6.5626E+00   5.6646E-01   1.0691E+00
 6.0371E-01  -4.5317E-02  -6.2085E-01  -6.2111E+01   2.0015E+00   1.6562E-01   2.0083E+00   2.6204E+02   4.8523E-13   4.7023E+03   6.6475E+00   5.5006E-01   1.0758E+00
 5.8190E-01  -4.7083E-02  -5.9896E-01  -7.6346E+01   2.0271E+00   1.6030E-01   2.0335E+00   2.6204E+02   5.0073E-13   4.7023E+03   6.7327E+00   5.3239E-01   1.0826E+00
 5.6034E-01  -4.8746E-02  -5.7735E-01  -8.9887E+01   2.0530E+00   1.5441E-01   2.0588E+00   2.6204E+02   5.1658E-13   4.7023E+03   6.8187E+00   5.1283E-01   1.0893E+00
 5.3908E-01  -5.0302E-02  -5.5603E-01  -1.0261E+02   2.0788E+00   1.4794E-01   2.0841E+00   2.6204E+02   5.3271E-13   4.7023E+03   6.9043E+00   4.9137E-01   1.0959E+00
 5.1815E-01  -5.1748E-02  -5.3505E-01  -1.1478E+02   2.1046E+00   1.4096E-01   2.1093E+00   2.6204E+02   5.4918E-13   4.7023E+03   6.9901E+00   4.6818E-01   1.1026E+00
 4.9757E-01  -5.3082E-02  -5.1442E-01  -1.2627E+02   2.1307E+00   1.3334E-01   2.1349E+00   2.6204E+02   5.6601E-13   4.7023E+03   7.0767E+00   4.4288E-01   1.1092E+00
 4.7737E-01  -5.4300E-02  -4.9419E-01  -1.3673E+02   2.1567E+00   1.2500E-01   2.1603E+00   2.6204E+02   5.8307E-13   4.7023E+03   7.1631E+00   4.1517E-01   1.1158E+00
 4.5758E-01  -5.5400E-02  -4.7436E-01  -1.4638E+02   2.1826E+00   1.1603E-01   2.1857E+00   2.6204E+02   6.0034E-13   4.7023E+03   7.2491E+00   3.8537E-01   1.1223E+00
 4.3821E-01  -5.6381E-02  -4.5497E-01  -1.5509E+02   2.2085E+00   1.0634E-01   2.2111E+00   2.6204E+02   6.1783E-13   4.7023E+03   7.3351E+00   3.5319E-01   1.1288E+00
 4.1929E-01  -5.7243E-02  -4.3603E-01  -1.6266E+02   2.2342E+00   9.5884E-02   2.2363E+00   2.6204E+02   6.3542E-13   4.7023E+03   7.4205E+00   3.1846E-01   1.1353E+00
 4.0083E-01  -5.7986E-02  -4.1756E-01  -1.6906E+02   2.2596E+00   8.4694E-02   2.2612E+00   2.6204E+02   6.5309E-13   4.7023E+03   7.5048E+00   2.8130E-01   1.1416E+00
 3.8285E-01  -5.8610E-02  -3.9956E-01  -1.7443E+02   2.2848E+00   7.2775E-02   2.2860E+00   2.6204E+02   6.7087E-13   4.7023E+03   7.5887E+00   2.4171E-01   1.1478E+00
 3.6535E-01  -5.9117E-02  -3.8206E-01  -1.7845E+02   2.3099E+00   5.9984E-02   2.3107E+00   2.6204E+02   6.8862E-13   4.7023E+03   7.6719E+00   1.9923E-01   1.1540E+00
 3.4836E-01  -5.9507E-02  -3.6506E-01  -1.8098E+02   2.3344E+00   4.6357E-02   2.3349E+00   2.6204E+02   7.0618E-13   4.7023E+03   7.7534E+00   1.5397E-01   1.1600E+00
 3.3187E-01  -5.9783E-02  -3.4858E-01  -1.8202E+02   2.3584E+00   3.1921E-02   2.3586E+00   2.6204E+02   7.2347E-13   4.7023E+03   7.8330E+00   1.0602E-01   1.1659E+00
 3.1590E-01  -5.9947E-02  -3.3260E-01  -1.8142E+02   2.3817E+00   1.6655E-02   2.3817E+00   2.6204E+02   7.4035E-13   4.7023E+03   7.9103E+00   5.5317E-02   1.1716E+00
 3.0044E-01  -6.0004E-02  -3.1715E-01  -1.7911E+02   2.4041E+00   5.9597E-04   2.4041E+00   2.6204E+02   7.5679E-13   4.7023E+03   7.9849E+00   1.9794E-03   1.1771E+00
 2.8551E-01  -5.9957E-02  -3.0221E-01  -1.7523E+02   2.4257E+00  -1.6214E-02   2.4257E+00   2.6204E+02   7.7278E-13   4.7023E+03   8.0565E+00  -5.3852E-02   1.1824E+00
 2.7109E-01  -5.9810E-02  -2.8779E-01  -1.6997E+02   2.4468E+00  -3.3807E-02   2.4471E+00   2.6204E+02   7.8829E-13   4.7023E+03   8.1268E+00  -1.1229E-01   1.1876E+00
 2.5719E-01  -5.9567E-02  -2.7388E-01  -1.6256E+02   2.4672E+00  -5.2401E-02   2.4678E+00   2.6204E+02   8.0296E-13   4.7023E+03   8.1944E+00  -1.7404E-01   1.1926E+00
 2.4380E-01  -5.9232E-02  -2.6049E-01  -1.5289E+02   2.4859E+00  -7.1754E-02   2.4869E+00   2.6204E+02   8.1659E-13   4.7023E+03   8.2565E+00  -2.3832E-01   1.1972E+00
 2.3092E-01  -5.8811E-02  -2.4760E-01  -1.4168E+02   2.5034E+00  -9.1668E-02   2.5051E+00   2.6204E+02   8.2936E-13   4.7023E+03   8.3148E+00  -3.0446E-01   1.2016E+00
 2.1854E-01  -5.8310E-02  -2.3521E-01  -1.2852E+02   2.5202E+00  -1.1246E-01   2.5227E+00   2.6204E+02   8.4113E-13   4.7023E+03   8.3705E+00  -3.7351E-01   1.2058E+00
 2.0666E-01  -5.7731E-02  -2.2332E-01  -1.1307E+02   2.5355E+00  -1.3405E-01   2.5390E+00   2.6204E+02   8.5163E-13   4.7023E+03   8.4213E+00  -4.4522E-01   1.2097E+00
 1.9526E-01  -5.7082E-02  -2.1190E-01  -9.5650E+01   2.5492E+00  -1.5624E-01   2.5540E+00   2.6204E+02   8.6085E-13   4.7023E+03   8.4669E+00  -5.1894E-01   1.2132E+00
 1.8434E-01  -5.6366E-02  -2.0096E-01  -7.6276E+01   2.5616E+00  -1.7914E-01   2.5679E+00   2.6204E+02   8.6870E-13   4.7023E+03   8.5080E+00  -5.9498E-01   1.2165E+00
 1.7389E-01  -5.5589E-02  -1.9048E-01  -5.4822E+01   2.5725E+00  -2.0276E-01   2.5805E+00   2.6204E+02   8.7493E-13   4.7023E+03   8.5443E+00  -6.7344E-01   1.2195E+00
 1.6389E-01  -5.4757E-02  -1.8044E-01  -3.1089E+01   2.5818E+00  -2.2710E-01   2.5917E+00   2.6204E+02   8.7936E-13   4.7023E+03   8.5750E+00  -7.5426E-01   1.2222E+00
 1.5434E-01  -5.3872E-02  -1.7085E-01  -5.0561E+00   2.5891E+00  -2.5203E-01   2.6013E+00   2.6204E+02   8.8185E-13   4.7023E+03   8.5993E+00  -8.3708E-01   1.2244E+00
 1.4521E-01  -5.2941E-02  -1.6168E-01   2.3338E+01   2.5942E+00  -2.7749E-01   2.6090E+00   2.6204E+02   8.8222E-13   4.7023E+03   8.6163E+00  -9.2166E-01   1.2262E+00
 1.3651E-01  -5.1969E-02  -1.5293E-01   5.3944E+01   2.5970E+00  -3.0338E-01   2.6146E+00   2.6204E+02   8.8029E-13   4.7023E+03   8.6254E+00  -1.0076E+00   1.2275E+00
 1.2822E-01  -5.0959E-02  -1.4457E-01   8.6729E+01   2.5976E+00  -3.2975E-01   2.6184E+00   2.6204E+02   8.7612E-13   4.7023E+03   8.6275E+00  -1.0952E+00   1.2284E+00
 1.2032E-01  -4.9916E-02  -1.3660E-01   1.2152E+02   2.5967E+00  -3.5666E-01   2.6211E+00   2.6204E+02   8.6989E-13   4.7024E+03   8.6245E+00  -1.1846E+00   1.2290E+00
 1.1280E-01  -4.8843E-02  -1.2901E-01   1.5882E+02   2.5940E+00  -3.8430E-01   2.6223E+00   2.6204E+02   8.6129E-13   4.7024E+03   8.6158E+00  -1.2764E+00   1.2293E+00
 1.0565E-01  -4.7745E-02  -1.2178E-01   1.9873E+02   2.5890E+00  -4.1242E-01   2.6217E+00   2.6204E+02   8.5008E-13   4.7024E+03   8.5992E+00  -1.3698E+00   1.2292E+00
 9.8858E-02  -4.6624E-02  -1.1489E-01   2.4131E+02   2.5813E+00  -4.4086E-01   2.6187E+00   2.6204E+02   8.3622E-13   4.7024E+03   8.5735E+00  -1.4643E+00   1.2285E+00
 9.2406E-02  -4.5485E-02  -1.0834E-01   2.8621E+02   2.5711E+00  -4.6953E-01   2.6137E+00   2.6204E+02   8.1970E-13   4.7024E+03   8.5398E+00  -1.5595E+00   1.2273E+00
 8.6282E-02  -4.4330E-02  -1.0211E-01   3.3378E+02   2.5585E+00  -4.9865E-01   2.6067E+00   2.6204E+02   8.0046E-13   4.7024E+03   8.4980E+00  -1.6562E+00   1.2257E+00
 8.0475E-02  -4.3162E-02  -9.6182E-02   3.8378E+02   2.5435E+00  -5.2801E-01   2.5977E+00   2.6204E+02   7.7835E-13   4.7024E+03   8.4479E+00  -1.7537E+00   1.2235E+00
 7.4971E-02  -4.1984E-02  -9.0553E-02   4.3661E+02   2.5259E+00  -5.5782E-01   2.5868E+00   2.6204E+02   7.5325E-13   4.7024E+03   8.3896E+00  -1.8528E+00   1.2210E+00
 6.9759E-02  -4.0797E-02  -8.5208E-02   4.9233E+02   2.5054E+00  -5.8783E-01   2.5734E+00   2.6204E+02   7.2507E-13   4.7024E+03   8.3214E+00  -1.9525E+00   1.2178E+00
 6.4826E-02  -3.9605E-02  -8.0133E-02   5.5094E+02   2.4820E+00  -6.1799E-01   2.5577E+00   2.6204E+02   6.9382E-13   4.7025E+03   8.2437E+00  -2.0526E+00   1.2141E+00
 6.0162E-02  -3.8410E-02  -7.5318E-02   6.1278E+02   2.4551E+00  -6.4817E-01   2.5392E+00   2.6204E+02   6.5960E-13   4.7025E+03   8.1544E+00  -2.1529E+00   1.2097E+00
 5.5753E-02  -3.7212E-02  -7.0749E-02   6.7728E+02   2.4251E+00  -6.7815E-01   2.5181E+00   2.6204E+02   6.2247E-13   4.7025E+03   8.0550E+00  -2.2524E+00   1.2047E+00
 5.1591E-02  -3.6014E-02  -6.6417E-02   7.4507E+02   2.3922E+00  -7.0833E-01   2.4948E+00   2.6204E+02   5.8241E-13   4.7025E+03   7.9456E+00  -2.3527E+00   1.1991E+00
 4.7662E-02  -3.4818E-02  -6.2311E-02   8.1616E+02   2.3548E+00  -7.3802E-01   2.4678E+00   2.6204E+02   5.3922E-13   4.7026E+03   7.8216E+00  -2.4513E+00   1.1925E+00
 4.3958E-02  -3.3624E-02  -5.8419E-02   8.9024E+02   2.3136E+00  -7.6716E-01   2.4375E+00   2.6204E+02   4.9276E-13   4.7026E+03   7.6847E+00  -2.5481E+00   1.1852E+00
 4.0469E-02  -3.2434E-02  -5.4733E-02   9.6811E+02   2.2675E+00  -7.9570E-01   2.4030E+00   2.6204E+02   4.4284E-13   4.7026E+03   7.5315E+00  -2.6430E+00   1.1768E+00
 3.7185E-02  -3.1249E-02  -5.1241E-02   1.0492E+03   2.2170E+00  -8.2312E-01   2.3649E+00   2.6204E+02   3.9079E-13   4.7027E+03   7.3641E+00  -2.7341E+00   1.1674E+00
 3.4096E-02  -3.0069E-02  -4.7934E-02   1.1335E+03   2.1648E+00  -8.5049E-01   2.3258E+00   2.6204E+02   3.3797E-13   4.7027E+03   7.1905E+00  -2.8250E+00   1.1577E+00
 3.1195E-02  -2.8897E-02  -4.4805E-02   1.2217E+03   2.1085E+00  -8.7724E-01   2.2837E+00   2.6204E+02   2.8570E-13   4.7027E+03   7.0037E+00  -2.9139E+00   1.1472E+00
 2.8472E-02  -2.7731E-02  -4.1843E-02   1.3129E+03   2.0440E+00  -9.0059E-01   2.2336E+00   2.6204E+02   2.3326E-13   4.7028E+03   6.7895E+00  -2.9915E+00   1.1345E+00
 2.5919E-02  -2.6574E-02  -3.9040E-02   1.4070E+03   1.9686E+00  -9.1921E-01   2.1726E+00   2.6204E+02   1.7816E-13   4.7029E+03   6.5391E+00  -3.0534E+00   1.1189E+00
 2.3530E-02  -2.5425E-02  -3.6389E-02   1.5044E+03   1.8825E+00  -9.3278E-01   2.1010E+00   2.6204E+02   1.2273E-13   4.7029E+03   6.2534E+00  -3.0985E+00   1.1003E+00
 2.1297E-02  -2.4285E-02  -3.3881E-02   1.6043E+03   1.7954E+00  -9.4448E-01   2.0287E+00   2.6204E+02   7.3562E-14   4.7030E+03   5.9639E+00  -3.1374E+00   1.0812E+00
 1.9213E-02  -2.3155E-02  -3.1510E-02   1.7062E+03   1.7238E+00  -9.6371E-01   1.9749E+00   2.6204E+02   4.0950E-14   4.7031E+03   5.7264E+00  -3.2014E+00   1.0668E+00
 1.7271E-02  -2.2035E-02  -2.9268E-02   1.8102E+03   1.6627E+00  -9.8968E-01   1.9350E+00   2.6204E+02   2.3248E-14   4.7032E+03   5.5235E+00  -3.2877E+00   1.0559E+00
 1.5465E-02  -2.0926E-02  -2.7149E-02   1.9153E+03   1.5980E+00  -1.0139E+00   1.8925E+00   2.6204E+02   1.4194E-14   4.7033E+03   5.3086E+00  -3.3681E+00   1.0442E+00
 1.3790E-02  -1.9828E-02  -2.5146E-02   2.0194E+03   1.5240E+00  -1.0317E+00   1.8404E+00   2.6204E+02   9.3375E-15   4.7034E+03   5.0629E+00  -3.4273E+00   1.0297E+00
 1.2239E-02  -1.8743E-02  -2.3253E-02   2.1220E+03   1.4356E+00  -1.0397E+00   1.7725E+00   2.6204E+02   6.4580E-15   4.7036E+03   4.7693E+00  -3.4542E+00   1.0106E+00
 1.0809E-02  -1.7670E-02  -2.1465E-02   2.2219E+03   1.3255E+00  -1.0297E+00   1.6785E+00   2.6204E+02   4.5370E-15   4.7037E+03   4.4039E+00  -3.4211E+00   9.8340E-01
 9.4928E-03  -1.6611E-02  -1.9775E-02   2.3165E+03   1.1923E+00  -9.9514E-01   1.5530E+00   2.6204E+02   3.2668E-15   4.7039E+03   3.9612E+00  -3.3063E+00   9.4590E-01
 8.2864E-03  -1.5566E-02  -1.8179E-02   2.4036E+03   1.0366E+00  -9.3189E-01   1.3939E+00   2.6204E+02   2.3855E-15   4.7040E+03   3.4441E+00  -3.0963E+00   8.9611E-01
 7.1851E-03  -1.4536E-02  -1.6671E-02   2.4810E+03   8.5796E-01  -8.3385E-01   1.1964E+00   2.6204E+02   1.7980E-15   4.7042E+03   2.8508E+00  -2.7706E+00   8.3020E-01
 6.1848E-03  -1.3524E-02  -1.5247E-02   2.5459E+03   6.5754E-01  -6.9305E-01   9.5534E-01   2.6204E+02   1.4900E-15   4.7044E+03   2.1849E+00  -2.3029E+00   7.4184E-01
 5.2805E-03  -1.2529E-02  -1.3903E-02   2.5951E+03   4.3920E-01  -5.0320E-01   6.6791E-01   2.6204E+02   1.3627E-15   4.7046E+03   1.4594E+00  -1.6721E+00   6.2027E-01
 4.4674E-03  -1.1554E-02  -1.2633E-02   2.6259E+03   2.0883E-01  -2.6040E-01   3.3379E-01   2.6204E+02   1.3808E-15   4.7048E+03   6.9397E-01  -8.6533E-01   4.3847E-01
 3.7415E-03  -1.0600E-02  -1.1433E-02   2.6354E+03  -2.5053E-02   3.6865E-02   4.4572E-02   2.6204E+02   1.5810E-15   4.7050E+03  -8.3258E-02   1.2251E-01   1.6003E-01
 3.0985E-03  -9.6688E-03  -1.0302E-02   2.6217E+03  -2.5381E-01   3.9005E-01   4.6536E-01   2.6204E+02   1.9494E-15   4.7052E+03  -8.4351E-01   1.2963E+00   5.1771E-01
 2.5337E-03  -8.7624E-03  -9.2335E-03   2.5832E+03  -4.6819E-01   7.9811E-01   9.2530E-01   2.6204E+02   2.5046E-15   4.7054E+03  -1.5560E+00   2.6525E+00   7.3001E-01
 2.0420E-03  -7.8819E-03  -8.2247E-03   2.5190E+03  -6.5735E-01   1.2539E+00   1.4157E+00   2.6204E+02   3.3205E-15   4.7055E+03  -2.1848E+00   4.1674E+00   9.0297E-01
 1.6182E-03  -7.0292E-03  -7.2722E-03   2.4292E+03  -8.1243E-01   1.7481E+00   1.9277E+00   2.6204E+02   4.4744E-15   4.7056E+03  -2.7003E+00   5.8103E+00   1.0537E+00
 1.2573E-03  -6.2064E-03  -6.3735E-03   2.3151E+03  -9.2624E-01   2.2702E+00   2.4519E+00   2.6204E+02   6.0514E-15   4.7057E+03  -3.0786E+00   7.5457E+00   1.1883E+00
 9.5407E-04  -5.4149E-03  -5.5257E-03   2.1786E+03  -9.9302E-01   2.8067E+00   2.9772E+00   2.6204E+02   8.1461E-15   4.7058E+03  -3.3006E+00   9.3290E+00   1.3094E+00
 7.0345E-04  -4.6556E-03  -4.7258E-03   2.0225E+03  -1.0088E+00   3.3408E+00   3.4898E+00   2.6204E+02   1.0858E-14   4.7058E+03  -3.3532E+00   1.1104E+01   1.4177E+00
 5.0039E-04  -3.9288E-03  -3.9710E-03   1.8510E+03  -9.7329E-01   3.8527E+00   3.9737E+00   2.6204E+02   1.4196E-14   4.7058E+03  -3.2350E+00   1.2806E+01   1.5128E+00
 3.3966E-04  -3.2350E-03  -3.2587E-03   1.6689E+03  -8.9524E-01   4.3344E+00   4.4259E+00   2.6204E+02   1.8215E-14   4.7057E+03  -2.9756E+00   1.4406E+01   1.5965E+00
 2.1604E-04  -2.5745E-03  -2.5866E-03   1.4791E+03  -7.8294E-01   4.7870E+00   4.8506E+00   2.6204E+02   2.3068E-14   4.7057E+03  -2.6023E+00   1.5910E+01   1.6714E+00
 1.2477E-04  -1.9471E-03  -1.9525E-03   1.2841E+03  -6.4162E-01   5.2068E+00   5.2462E+00   2.6204E+02   2.8442E-14   4.7056E+03  -2.1325E+00   1.7306E+01   1.7382E+00
 6.1535E-05  -1.3525E-03  -1.3544E-03   1.0869E+03  -4.7575E-01   5.5840E+00   5.6042E+00   2.6204E+02   3.4755E-14   4.7055E+03  -1.5812E+00   1.8559E+01   1.7966E+00
 2.2521E-05  -7.8982E-04  -7.9025E-04   8.9079E+02  -2.9130E-01   5.9226E+00   5.9297E+00   2.6204E+02   4.2946E-14   4.7055E+03  -9.6818E-01   1.9684E+01   1.8480E+00
 4.3080E-06  -2.5819E-04  -2.5822E-04   6.9783E+02  -9.2725E-02   6.2198E+00   6.2205E+00   2.6204E+02   5.0301E-14   4.7055E+03  -3.0818E-01   2.0672E+01   1.8928E+00
 4.3080E-06   2.5819E-04   2.5822E-04   5.0419E+02   1.1998E-01   6.4574E+00   6.4585E+00   2.6204E+02   5.5517E-14   4.7055E+03   3.9875E-01   2.1462E+01   1.9286E+00
 2.2521E-05   7.8982E-04   7.9025E-04   3.0177E+02   3.5292E-01   6.6813E+00   6.6907E+00   2.6204E+02   6.5968E-14   4.7055E+03   1.1729E+00   2.2206E+01   1.9630E+00
 6.1535E-05   1.3525E-03   1.3544E-03   8.2109E+01   6.1336E-01   6.9053E+00   6.9324E+00   2.6204E+02   8.2505E-14   4.7055E+03   2.0386E+00   2.2950E+01   1.9981E+00
 1.2477E-04   1.9471E-03   1.9525E-03  -1.5546E+02   9.0047E-01   7.0981E+00   7.1549E+00   2.6204E+02   1.0369E-13   4.7056E+03   2.9928E+00   2.3591E+01   2.0299E+00
 2.1604E-04   2.5745E-03   2.5866E-03  -4.0868E+02   1.2130E+00   7.2537E+00   7.3544E+00   2.6204E+02   1.3405E-13   4.7057E+03   4.0317E+00   2.4109E+01   2.0580E+00
 3.3966E-04   3.2350E-03   3.2587E-03  -6.7673E+02   1.5489E+00   7.3665E+00   7.5275E+00   2.6204E+02   1.7872E-13   4.7057E+03   5.1480E+00   2.4484E+01   2.0821E+00
 5.0039E-04   3.9288E-03   3.9710E-03  -9.5715E+02   1.9012E+00   7.4157E+00   7.6555E+00   2.6204E+02   2.5170E-13   4.7058E+03   6.3193E+00   2.4648E+01   2.0997E+00
 7.0345E-04   4.6556E-03   4.7258E-03  -1.2434E+03   2.2554E+00   7.3759E+00   7.7130E+00   2.6204E+02   3.8647E-13   4.7058E+03   7.4965E+00   2.4516E+01   2.1076E+00
 9.5407E-04   5.4149E-03   5.5257E-03  -1.5258E+03   2.6015E+00   7.2733E+00   7.7246E+00   2.6204E+02   6.6749E-13   4.7058E+03   8.6470E+00   2.4175E+01   2.1091E+00
 1.2573E-03   6.2064E-03   6.3735E-03  -1.8022E+03   2.9514E+00   7.1635E+00   7.7477E+00   2.6204E+02   1.2667E-12   4.7057E+03   9.8097E+00   2.3810E+01   2.1123E+00
 1.6182E-03   7.0292E-03   7.2722E-03  -2.0704E+03   3.3223E+00   7.0845E+00   7.8248E+00   2.6204E+02   2.3884E-12   4.7056E+03   1.1042E+01   2.3547E+01   2.1228E+00
 2.0420E-03   7.8819E-03   8.2247E-03  -2.3265E+03   3.7138E+00   7.0227E+00   7.9442E+00   2.6204E+02   3.9191E-12   4.7055E+03   1.2343E+01   2.3341E+01   2.1390E+00
 2.5337E-03   8.7624E-03   9.2335E-03  -2.5661E+03   4.0881E+00   6.9063E+00   8.0256E+00   2.6204E+02   5.3749E-12   4.7054E+03   1.3587E+01   2.2953E+01   2.1499E+00
 3.0985E-03   9.6688E-03   1.0302E-02  -2.7827E+03   4.4084E+00   6.6983E+00   8.0188E+00   2.6204E+02   6.5748E-12   4.7052E+03   1.4651E+01   2.2261E+01   2.1491E+00
 3.7415E-03   1.0600E-02   1.1433E-02  -2.9722E+03   4.6668E+00   6.4179E+00   7.9353E+00   2.6204E+02   7.5776E-12   4.7050E+03   1.5509E+01   2.1328E+01   2.1379E+00
 4.4674E-03   1.1554E-02   1.2633E-02  -3.1334E+03   4.8670E+00   6.0932E+00   7.7985E+00   2.6204E+02   8.3425E-12   4.7048E+03   1.6174E+01   2.0249E+01   2.1194E+00
 5.2805E-03   1.2529E-02   1.3903E-02  -3.2679E+03   5.0282E+00   5.7624E+00   7.6478E+00   2.6204E+02   8.9484E-12   4.7046E+03   1.6709E+01   1.9148E+01   2.0989E+00
 6.1848E-03   1.3524E-02   1.5247E-02  -3.3812E+03   5.1623E+00   5.4375E+00   7.4977E+00   2.6204E+02   9.4221E-12   4.7044E+03   1.7153E+01   1.8068E+01   2.0782E+00
 7.1851E-03   1.4536E-02   1.6671E-02  -3.4723E+03   5.2608E+00   5.1080E+00   7.3326E+00   2.6204E+02   9.7767E-12   4.7042E+03   1.7480E+01   1.6972E+01   2.0553E+00
 8.2864E-03   1.5566E-02   1.8179E-02  -3.5363E+03   5.3240E+00   4.7811E+00   7.1557E+00   2.6204E+02   1.0011E-11   4.7040E+03   1.7689E+01   1.5886E+01   2.0304E+00
 9.4928E-03   1.6611E-02   1.9775E-02  -3.5766E+03   5.3720E+00   4.4790E+00   6.9943E+00   2.6204E+02   1.0111E-11   4.7039E+03   1.7848E+01   1.4881E+01   2.0074E+00
 1.0809E-02   1.7670E-02   2.1465E-02  -3.6031E+03   5.4087E+00   4.1973E+00   6.8462E+00   2.6204E+02   1.0074E-11   4.7037E+03   1.7969E+01   1.3945E+01   1.9861E+00
 1.2239E-02   1.8743E-02   2.3253E-02  -3.6153E+03   5.4176E+00   3.9199E+00   6.6870E+00   2.6204E+02   9.9337E-12   4.7036E+03   1.7998E+01   1.3023E+01   1.9629E+00
 1.3790E-02   1.9828E-02   2.5146E-02  -3.6090E+03   5.4034E+00   3.6544E+00   6.5232E+00   2.6204E+02   9.7175E-12   4.7034E+03   1.7951E+01   1.2140E+01   1.9387E+00
 1.5465E-02   2.0926E-02   2.7149E-02  -3.5904E+03   5.3885E+00   3.4159E+00   6.3800E+00   2.6204E+02   9.4400E-12   4.7033E+03   1.7901E+01   1.1348E+01   1.9173E+00
 1.7271E-02   2.2035E-02   2.9268E-02  -3.5684E+03   5.3676E+00   3.1925E+00   6.2453E+00   2.6204E+02   9.1191E-12   4.7032E+03   1.7831E+01   1.0605E+01   1.8970E+00
 1.9213E-02   2.3155E-02   3.1510E-02  -3.5370E+03   5.3274E+00   2.9762E+00   6.1024E+00   2.6204E+02   8.7797E-12   4.7031E+03   1.7697E+01   9.8867E+00   1.8752E+00
 2.1297E-02   2.4285E-02   3.3881E-02  -3.4959E+03   5.2818E+00   2.7769E+00   5.9673E+00   2.6204E+02   8.4270E-12   4.7030E+03   1.7545E+01   9.2245E+00   1.8543E+00
 2.3530E-02   2.5425E-02   3.6389E-02  -3.4522E+03   5.2363E+00   2.5933E+00   5.8433E+00   2.6204E+02   8.0647E-12   4.7029E+03   1.7394E+01   8.6143E+00   1.8350E+00
 2.5919E-02   2.6574E-02   3.9040E-02  -3.4049E+03   5.1812E+00   2.4182E+00   5.7177E+00   2.6204E+02   7.7023E-12   4.7029E+03   1.7211E+01   8.0327E+00   1.8152E+00
 2.8472E-02   2.7731E-02   4.1843E-02  -3.3516E+03   5.1214E+00   2.2556E+00   5.5961E+00   2.6204E+02   7.3449E-12   4.7028E+03   1.7012E+01   7.4924E+00   1.7958E+00
 3.1195E-02   2.8897E-02   4.4805E-02  -3.2973E+03   5.0632E+00   2.1058E+00   5.4836E+00   2.6204E+02   6.9933E-12   4.7027E+03   1.6818E+01   6.9947E+00   1.7776E+00
 3.4096E-02   3.0069E-02   4.7934E-02  -3.2426E+03   4.9992E+00   1.9635E+00   5.3710E+00   2.6204E+02   6.6484E-12   4.7027E+03   1.6606E+01   6.5219E+00   1.7593E+00
 3.7185E-02   3.1249E-02   5.1241E-02  -3.1847E+03   4.9308E+00   1.8301E+00   5.2595E+00   2.6204E+02   6.3134E-12   4.7027E+03   1.6378E+01   6.0790E+00   1.7410E+00
 4.0469E-02   3.2434E-02   5.4733E-02  -3.1269E+03   4.8631E+00   1.7061E+00   5.1537E+00   2.6204E+02   5.9928E-12   4.7026E+03   1.6153E+01   5.6670E+00   1.7234E+00
 4.3958E-02   3.3624E-02   5.8419E-02  -3.0694E+03   4.7926E+00   1.5888E+00   5.0491E+00   2.6204E+02   5.6873E-12   4.7026E+03   1.5919E+01   5.2773E+00   1.7058E+00
 4.7662E-02   3.4818E-02   6.2311E-02  -3.0102E+03   4.7211E+00   1.4793E+00   4.9475E+00   2.6204E+02   5.3976E-12   4.7026E+03   1.5681E+01   4.9137E+00   1.6885E+00
 5.1591E-02   3.6014E-02   6.6417E-02  -2.9521E+03   4.6499E+00   1.3766E+00   4.8494E+00   2.6204E+02   5.1194E-12   4.7025E+03   1.5445E+01   4.5725E+00   1.6717E+00
 5.5753E-02   3.7212E-02   7.0749E-02  -2.8941E+03   4.5771E+00   1.2797E+00   4.7527E+00   2.6204E+02   4.8551E-12   4.7025E+03   1.5203E+01   4.2506E+00   1.6550E+00
 6.0162E-02   3.8410E-02   7.5318E-02  -2.8359E+03   4.5056E+00   1.1894E+00   4.6599E+00   2.6204E+02   4.6062E-12   4.7025E+03   1.4965E+01   3.9504E+00   1.6387E+00
 6.4826E-02   3.9605E-02   8.0133E-02  -2.7792E+03   4.4346E+00   1.1040E+00   4.5700E+00   2.6204E+02   4.3717E-12   4.7025E+03   1.4729E+01   3.6670E+00   1.6229E+00
 6.9759E-02   4.0797E-02   8.5208E-02  -2.7223E+03   4.3633E+00   1.0236E+00   4.4817E+00   2.6204E+02   4.1510E-12   4.7024E+03   1.4492E+01   3.3999E+00   1.6071E+00
 7.4971E-02   4.1984E-02   9.0553E-02  -2.6660E+03   4.2926E+00   9.4789E-01   4.3960E+00   2.6204E+02   3.9425E-12   4.7024E+03   1.4258E+01   3.1483E+00   1.5917E+00
 8.0475E-02   4.3162E-02   9.6182E-02  -2.6100E+03   4.2224E+00   8.7647E-01   4.3124E+00   2.6204E+02   3.7458E-12   4.7024E+03   1.4024E+01   2.9111E+00   1.5765E+00
 8.6282E-02   4.4330E-02   1.0211E-01  -2.5544E+03   4.1535E+00   8.0942E-01   4.2316E+00   2.6204E+02   3.5602E-12   4.7024E+03   1.3795E+01   2.6884E+00   1.5616E+00
 9.2406E-02   4.5485E-02   1.0834E-01  -2.4998E+03   4.0855E+00   7.4602E-01   4.1530E+00   2.6204E+02   3.3854E-12   4.7024E+03   1.3570E+01   2.4778E+00   1.5471E+00
 9.8858E-02   4.6624E-02   1.1489E-01  -2.4456E+03   4.0184E+00   6.8627E-01   4.0766E+00   2.6204E+02   3.2208E-12   4.7024E+03   1.3347E+01   2.2794E+00   1.5328E+00
 1.0565E-01   4.7745E-02   1.2178E-01  -2.3924E+03   3.9521E+00   6.2950E-01   4.0019E+00   2.6204E+02   3.0654E-12   4.7024E+03   1.3126E+01   2.0908E+00   1.5187E+00
 1.1280E-01   4.8843E-02   1.2901E-01  -2.3391E+03   3.8857E+00   5.7563E-01   3.9281E+00   2.6204E+02   2.9182E-12   4.7024E+03   1.2906E+01   1.9119E+00   1.5046E+00
 1.2032E-01   4.9916E-02   1.3660E-01  -2.2860E+03   3.8197E+00   5.2462E-01   3.8556E+00   2.6204E+02   2.7781E-12   4.7024E+03   1.2687E+01   1.7425E+00   1.4906E+00
 1.2822E-01   5.0959E-02   1.4457E-01  -2.2330E+03   3.7550E+00   4.7665E-01   3.7851E+00   2.6204E+02   2.6452E-12   4.7023E+03   1.2472E+01   1.5831E+00   1.4770E+00
 1.3651E-01   5.1969E-02   1.5293E-01  -2.1809E+03   3.6915E+00   4.3123E-01   3.7166E+00   2.6204E+02   2.5195E-12   4.7023E+03   1.2261E+01   1.4323E+00   1.4635E+00
 1.4521E-01   5.2941E-02   1.6168E-01  -2.1293E+03   3.6286E+00   3.8813E-01   3.6493E+00   2.6204E+02   2.4004E-12   4.7023E+03   1.2052E+01   1.2891E+00   1.4502E+00
 1.5434E-01   5.3872E-02   1.7085E-01  -2.0779E+03   3.5662E+00   3.4713E-01   3.5830E+00   2.6204E+02   2.2874E-12   4.7023E+03   1.1845E+01   1.1529E+00   1.4370E+00
 1.6389E-01   5.4757E-02   1.8044E-01  -2.0265E+03   3.5039E+00   3.0820E-01   3.5175E+00   2.6204E+02   2.1796E-12   4.7023E+03   1.1638E+01   1.0236E+00   1.4238E+00
 1.7389E-01   5.5589E-02   1.9048E-01  -1.9750E+03   3.4420E+00   2.7128E-01   3.4526E+00   2.6204E+02   2.0764E-12   4.7023E+03   1.1432E+01   9.0101E-01   1.4106E+00
 1.8434E-01   5.6366E-02   2.0096E-01  -1.9235E+03   3.3801E+00   2.3636E-01   3.3883E+00   2.6204E+02   1.9765E-12   4.7023E+03   1.1226E+01   7.8505E-01   1.3974E+00
 1.9526E-01   5.7082E-02   2.1190E-01  -1.8720E+03   3.3186E+00   2.0339E-01   3.3248E+00   2.6204E+02   1.8803E-12   4.7023E+03   1.1022E+01   6.7553E-01   1.3843E+00
 2.0666E-01   5.7731E-02   2.2332E-01  -1.8208E+03   3.2579E+00   1.7223E-01   3.2624E+00   2.6204E+02   1.7885E-12   4.7023E+03   1.0820E+01   5.7204E-01   1.3712E+00
 2.1854E-01   5.8310E-02   2.3521E-01  -1.7696E+03   3.1973E+00   1.4267E-01   3.2005E+00   2.6204E+02   1.7009E-12   4.7023E+03   1.0619E+01   4.7384E-01   1.3581E+00
 2.3092E-01   5.8811E-02   2.4760E-01  -1.7181E+03   3.1369E+00   1.1486E-01   3.1390E+00   2.6204E+02   1.6167E-12   4.7023E+03   1.0419E+01   3.8149E-01   1.3450E+00
 2.4380E-01   5.9232E-02   2.6049E-01  -1.6665E+03   3.0777E+00   8.8834E-02   3.0790E+00   2.6204E+02   1.5366E-12   4.7023E+03   1.0222E+01   2.9505E-01   1.3321E+00
 2.5719E-01   5.9567E-02   2.7388E-01  -1.6155E+03   3.0189E+00   6.4117E-02   3.0196E+00   2.6204E+02   1.4601E-12   4.7023E+03   1.0027E+01   2.1295E-01   1.3192E+00
 2.7109E-01   5.9810E-02   2.8779E-01  -1.5640E+03   2.9597E+00   4.0892E-02   2.9600E+00   2.6204E+02   1.3864E-12   4.7023E+03   9.8302E+00   1.3582E-01   1.3061E+00
 2.8551E-01   5.9957E-02   3.0221E-01  -1.5119E+03   2.9011E+00   1.9391E-02   2.9012E+00   2.6204E+02   1.3155E-12   4.7023E+03   9.6355E+00   6.4404E-02   1.2931E+00
 3.0044E-01   6.0004E-02   3.1715E-01  -1.4603E+03   2.8435E+00  -7.0510E-04   2.8435E+00   2.6204E+02   1.2478E-12   4.7023E+03   9.4442E+00  -2.3419E-03   1.2801E+00
 3.1590E-01   5.9947E-02   3.3260E-01  -1.4089E+03   2.7864E+00  -1.9485E-02   2.7864E+00   2.6204E+02   1.1833E-12   4.7023E+03   9.2544E+00  -6.4716E-02   1.2672E+00
 3.3187E-01   5.9783E-02   3.4858E-01  -1.3573E+03   2.7296E+00  -3.6945E-02   2.7299E+00   2.6204E+02   1.1217E-12   4.7023E+03   9.0660E+00  -1.2271E-01   1.2543E+00
 3.4836E-01   5.9507E-02   3.6506E-01  -1.3056E+03   2.6735E+00  -5.3089E-02   2.6740E+00   2.6204E+02   1.0628E-12   4.7023E+03   8.8795E+00  -1.7632E-01   1.2414E+00
 3.6535E-01   5.9117E-02   3.8206E-01  -1.2540E+03   2.6179E+00  -6.7983E-02   2.6188E+00   2.6204E+02   1.0066E-12   4.7023E+03   8.6950E+00  -2.2579E-01   1.2285E+00
 3.8285E-01   5.8610E-02   3.9956E-01  -1.2024E+03   2.5631E+00  -8.1636E-02   2.5644E+00   2.6204E+02   9.5300E-13   4.7023E+03   8.5128E+00  -2.7114E-01   1.2157E+00
 4.0083E-01   5.7986E-02   4.1756E-01  -1.1509E+03   2.5092E+00  -9.4048E-02   2.5109E+00   2.6204E+02   9.0203E-13   4.7023E+03   8.3337E+00  -3.1236E-01   1.2030E+00
 4.1929E-01   5.7243E-02   4.3603E-01  -1.1000E+03   2.4562E+00  -1.0541E-01   2.4585E+00   2.6204E+02   8.5365E-13   4.7023E+03   8.1578E+00  -3.5010E-01   1.1903E+00
 4.3821E-01   5.6381E-02   4.5497E-01  -1.0492E+03   2.4039E+00  -1.1575E-01   2.4066E+00   2.6204E+02   8.0766E-13   4.7023E+03   7.9840E+00  -3.8443E-01   1.1777E+00
 4.5758E-01   5.5400E-02   4.7436E-01  -9.9849E+02   2.3523E+00  -1.2505E-01   2.3556E+00   2.6204E+02   7.6391E-13   4.7023E+03   7.8126E+00  -4.1533E-01   1.1652E+00
 4.7737E-01   5.4300E-02   4.9419E-01  -9.4811E+02   2.3016E+00  -1.3339E-01   2.3054E+00   2.6204E+02   7.2236E-13   4.7023E+03   7.6442E+00  -4.4304E-01   1.1527E+00
 4.9757E-01   5.3082E-02   5.1442E-01  -8.9810E+02   2.2515E+00  -1.4090E-01   2.2559E+00   2.6204E+02   6.8289E-13   4.7023E+03   7.4780E+00  -4.6798E-01   1.1402E+00
 5.1815E-01   5.1748E-02   5.3505E-01  -8.4816E+02   2.2022E+00  -1.4750E-01   2.2071E+00   2.6204E+02   6.4534E-13   4.7023E+03   7.3141E+00  -4.8988E-01   1.1278E+00
 5.3908E-01   5.0302E-02   5.5603E-01  -7.9865E+02   2.1538E+00  -1.5328E-01   2.1592E+00   2.6204E+02   6.0975E-13   4.7023E+03   7.1534E+00  -5.0909E-01   1.1155E+00
 5.6034E-01   4.8746E-02   5.7735E-01  -7.4965E+02   2.1061E+00  -1.5840E-01   2.1120E+00   2.6204E+02   5.7597E-13   4.7023E+03   6.9950E+00  -5.2608E-01   1.1033E+00
 5.8190E-01   4.7083E-02   5.9896E-01  -7.0076E+02   2.0588E+00  -1.6280E-01   2.0652E+00   2.6204E+02   5.4379E-13   4.7023E+03   6.8379E+00  -5.4070E-01   1.0910E+00
 6.0371E-01   4.5317E-02   6.2085E-01  -6.5203E+02   2.0122E+00  -1.6650E-01   2.0191E+00   2.6204E+02   5.1318E-13   4.7023E+03   6.6831E+00  -5.5300E-01   1.0787E+00
 6.2576E-01   4.3454E-02   6.4298E-01  -6.0375E+02   1.9661E+00  -1.6970E-01   1.9734E+00   2.6204E+02   4.8403E-13   4.7023E+03   6.5299E+00  -5.6363E-01   1.0664E+00
 6.4800E-01   4.1495E-02   6.6531E-01  -5.5538E+02   1.9197E+00  -1.7234E-01   1.9275E+00   2.6204E+02   4.5606E-13   4.7023E+03   6.3761E+00  -5.7239E-01   1.0540E+00
 6.7040E-01   3.9448E-02   6.8780E-01  -5.0676E+02   1.8737E+00  -1.7434E-01   1.8818E+00   2.6204E+02   4.2924E-13   4.7023E+03   6.2231E+00  -5.7905E-01   1.0414E+00
 6.9291E-01   3.7316E-02   7.1041E-01  -4.5842E+02   1.8273E+00  -1.7595E-01   1.8357E+00   2.6204E+02   4.0328E-13   4.7023E+03   6.0690E+00  -5.8440E-01   1.0286E+00
 7.1551E-01   3.5105E-02   7.3312E-01  -4.0938E+02   1.7798E+00  -1.7696E-01   1.7886E+00   2.6204E+02   3.7774E-13   4.7023E+03   5.9113E+00  -5.8775E-01   1.0153E+00
 7.3815E-01   3.2819E-02   7.5587E-01  -3.5983E+02   1.7314E+00  -1.7751E-01   1.7405E+00   2.6204E+02   3.5288E-13   4.7023E+03   5.7505E+00  -5.8955E-01   1.0015E+00
 7.6079E-01   3.0464E-02   7.7863E-01  -3.0923E+02   1.6819E+00  -1.7747E-01   1.6912E+00   2.6204E+02   3.2861E-13   4.7023E+03   5.5860E+00  -5.8944E-01   9.8726E-01
 7.8339E-01   2.8045E-02   8.0136E-01  -2.5773E+02   1.6305E+00  -1.7700E-01   1.6401E+00   2.6204E+02   3.0477E-13   4.7023E+03   5.4153E+00  -5.8787E-01   9.7222E-01
 8.0591E-01   2.5566E-02   8.2402E-01  -2.0425E+02   1.5762E+00  -1.7586E-01   1.5860E+00   2.6204E+02   2.8106E-13   4.7023E+03   5.2352E+00  -5.8407E-01   9.5607E-01
 8.2832E-01   2.3033E-02   8.4657E-01  -1.4849E+02   1.5189E+00  -1.7396E-01   1.5288E+00   2.6204E+02   2.5742E-13   4.7023E+03   5.0448E+00  -5.7777E-01   9.3868E-01
 8.5056E-01   2.0451E-02   8.6897E-01  -9.0218E+01   1.4571E+00  -1.7133E-01   1.4671E+00   2.6204E+02   2.3364E-13   4.7023E+03   4.8393E+00  -5.6904E-01   9.1953E-01
 8.7262E-01   1.7824E-02   8.9118E-01  -2.7884E+01   1.3891E+00  -1.6755E-01   1.3991E+00   2.6204E+02   2.0948E-13   4.7023E+03   4.6135E+00  -5.5650E-01   8.9798E-01
 8.9445E-01   1.5157E-02   9.1317E-01   3.9161E+01   1.3136E+00  -1.6251E-01   1.3236E+00   2.6204E+02   1.8487E-13   4.7023E+03   4.3629E+00  -5.3975E-01   8.7341E-01
 9.1602E-01   1.2456E-02   9.3490E-01   1.1240E+02   1.2265E+00  -1.5556E-01   1.2363E+00   2.6204E+02   1.5950E-13   4.7023E+03   4.0736E+00  -5.1666E-01   8.4412E-01
 9.3729E-01   9.7237E-03   9.5635E-01   1.9480E+02   1.1265E+00  -1.4652E-01   1.1360E+00   2.6204E+02   1.3455E-13   4.7023E+03   3.7414E+00  -4.8665E-01   8.0913E-01
 9.5823E-01   6.9654E-03   9.7747E-01   2.8539E+02   9.9354E-01  -1.3249E-01   1.0023E+00   2.6204E+02   1.0591E-13   4.7023E+03   3.2998E+00  -4.4004E-01   7.6005E-01
 9.7881E-01   4.1857E-03   9.9825E-01   4.0045E+02   8.5774E-01  -1.1725E-01   8.6572E-01   2.6204E+02   8.0559E-14   4.7021E+03   2.8487E+00  -3.8940E-01   7.0636E-01
 9.9902E-01   1.3955E-03   1.0186E+00   5.0985E+02   7.7871E-01  -1.1379E-01   7.8698E-01   2.6204E+02   3.1507E-13   3.5803E+03   1.9692E+00  -2.8775E-01   7.7181E-01
