#        X=           Y=           S=           P=           U=           V=         Vel=           T=         mut=         hcv=          Ax=          Ay=       Yplus=
 1.6582E-01   2.1160E-04  -1.6700E-01   7.3606E+02   1.3826E+00  -1.6603E-01   1.3925E+00   2.7301E+02   3.8684E-11   1.8912E+02   1.3553E+01  -1.6275E+00   4.3405E-01
 1.6242E-01   6.2143E-04  -1.6358E-01   7.0041E+02   1.0920E+00  -1.2610E-01   1.0992E+00   2.7300E+02   2.7539E-11   2.0794E+02   1.1184E+01  -1.2914E+00   3.7727E-01
 1.5896E-01   1.0054E-03  -1.6009E-01   7.4221E+02   1.1259E+00  -1.1954E-01   1.1322E+00   2.7301E+02   2.5553E-11   2.0345E+02   1.1531E+01  -1.2243E+00   3.8289E-01
 1.5543E-01   1.3672E-03  -1.5654E-01   7.5454E+02   1.1036E+00  -1.0907E-01   1.1089E+00   2.7301E+02   2.4722E-11   2.0412E+02   1.1302E+01  -1.1171E+00   3.7894E-01
 1.5184E-01   1.7137E-03  -1.5294E-01   7.7354E+02   1.1063E+00  -1.0435E-01   1.1112E+00   2.7301E+02   2.4747E-11   2.0358E+02   1.1331E+01  -1.0687E+00   3.7933E-01
 1.4820E-01   2.0519E-03  -1.4928E-01   8.0337E+02   1.0994E+00  -1.0061E-01   1.1040E+00   2.7301E+02   2.4333E-11   2.0318E+02   1.1260E+01  -1.0304E+00   3.7809E-01
 1.4451E-01   2.3821E-03  -1.4558E-01   8.3921E+02   1.0833E+00  -9.4901E-02   1.0874E+00   2.7301E+02   2.3568E-11   2.0231E+02   1.1095E+01  -9.7194E-01   3.7524E-01
 1.4079E-01   2.6984E-03  -1.4184E-01   8.7648E+02   1.0615E+00  -8.7242E-02   1.0651E+00   2.7301E+02   2.2613E-11   2.0129E+02   1.0872E+01  -8.9351E-01   3.7137E-01
 1.3703E-01   2.9944E-03  -1.3807E-01   9.1220E+02   1.0369E+00  -7.8000E-02   1.0398E+00   2.7301E+02   2.1599E-11   2.0029E+02   1.0619E+01  -7.9886E-01   3.6693E-01
 1.3324E-01   3.2634E-03  -1.3427E-01   9.4160E+02   1.0131E+00  -6.7665E-02   1.0154E+00   2.7301E+02   2.0672E-11   1.9948E+02   1.0376E+01  -6.9301E-01   3.6259E-01
 1.2943E-01   3.5006E-03  -1.3045E-01   9.6429E+02   9.9365E-01  -5.7349E-02   9.9531E-01   2.7301E+02   1.9932E-11   1.9893E+02   1.0177E+01  -5.8736E-01   3.5899E-01
 1.2560E-01   3.7036E-03  -1.2662E-01   9.8180E+02   9.7809E-01  -4.7451E-02   9.7924E-01   2.7301E+02   1.9352E-11   1.9865E+02   1.0017E+01  -4.8599E-01   3.5608E-01
 1.2177E-01   3.8716E-03  -1.2279E-01   9.9465E+02   9.6533E-01  -3.7848E-02   9.6607E-01   2.7301E+02   1.8891E-11   1.9862E+02   9.8867E+00  -3.8763E-01   3.5368E-01
 1.1794E-01   4.0038E-03  -1.1896E-01   1.0025E+03   9.5533E-01  -2.8480E-02   9.5576E-01   2.7301E+02   1.8548E-11   1.9885E+02   9.7844E+00  -2.9169E-01   3.5179E-01
 1.1412E-01   4.0999E-03  -1.1514E-01   1.0052E+03   9.4879E-01  -1.9453E-02   9.4899E-01   2.7301E+02   1.8339E-11   1.9933E+02   9.7173E+00  -1.9924E-01   3.5054E-01
 1.1032E-01   4.1609E-03  -1.1133E-01   1.0038E+03   9.4562E-01  -1.0926E-02   9.4568E-01   2.7301E+02   1.8254E-11   2.0007E+02   9.6848E+00  -1.1190E-01   3.4993E-01
 1.0654E-01   4.1885E-03  -1.0755E-01   9.9888E+02   9.4511E-01  -2.8310E-03   9.4511E-01   2.7301E+02   1.8269E-11   2.0101E+02   9.6796E+00  -2.8994E-02   3.4983E-01
 1.0279E-01   4.1844E-03  -1.0380E-01   9.9094E+02   9.4685E-01   4.8915E-03   9.4687E-01   2.7301E+02   1.8367E-11   2.0214E+02   9.6974E+00   5.0097E-02   3.5015E-01
 9.9078E-02   4.1509E-03  -1.0009E-01   9.8045E+02   9.5047E-01   1.2291E-02   9.5054E-01   2.7301E+02   1.8536E-11   2.0344E+02   9.7344E+00   1.2588E-01   3.5083E-01
 9.5409E-02   4.0900E-03  -9.6419E-02   9.6767E+02   9.5565E-01   1.9424E-02   9.5585E-01   2.7300E+02   1.8766E-11   2.0489E+02   9.7874E+00   1.9893E-01   3.5181E-01
 9.1791E-02   4.0038E-03  -9.2799E-02   9.5278E+02   9.6225E-01   2.6324E-02   9.6261E-01   2.7300E+02   1.9054E-11   2.0648E+02   9.8550E+00   2.6961E-01   3.5305E-01
 8.8228E-02   3.8945E-03  -8.9235E-02   9.3600E+02   9.7018E-01   3.3012E-02   9.7074E-01   2.7300E+02   1.9394E-11   2.0820E+02   9.9362E+00   3.3810E-01   3.5454E-01
 8.4726E-02   3.7644E-03  -8.5731E-02   9.1767E+02   9.7922E-01   3.9500E-02   9.8001E-01   2.7300E+02   1.9779E-11   2.1003E+02   1.0029E+01   4.0455E-01   3.5623E-01
 8.1290E-02   3.6156E-03  -8.2292E-02   8.9814E+02   9.8886E-01   4.5833E-02   9.8992E-01   2.7300E+02   2.0195E-11   2.1197E+02   1.0127E+01   4.6940E-01   3.5803E-01
 7.7925E-02   3.4499E-03  -7.8923E-02   8.7710E+02   9.9899E-01   5.2117E-02   1.0004E+00   2.7300E+02   2.0640E-11   2.1401E+02   1.0231E+01   5.3375E-01   3.5991E-01
 7.4635E-02   3.2691E-03  -7.5627E-02   8.5432E+02   1.0099E+00   5.8381E-02   1.0115E+00   2.7300E+02   2.1125E-11   2.1618E+02   1.0342E+01   5.9790E-01   3.6192E-01
 7.1423E-02   3.0747E-03  -7.2410E-02   8.2962E+02   1.0215E+00   6.4635E-02   1.0236E+00   2.7299E+02   2.1659E-11   2.1851E+02   1.0462E+01   6.6195E-01   3.6407E-01
 6.8292E-02   2.8685E-03  -6.9272E-02   8.0228E+02   1.0344E+00   7.0907E-02   1.0368E+00   2.7299E+02   2.2262E-11   2.2103E+02   1.0593E+01   7.2618E-01   3.6641E-01
 6.5246E-02   2.6522E-03  -6.6218E-02   7.7115E+02   1.0499E+00   7.7191E-02   1.0527E+00   2.7299E+02   2.2990E-11   2.2377E+02   1.0752E+01   7.9053E-01   3.6922E-01
 6.2285E-02   2.4282E-03  -6.3249E-02   7.3748E+02   1.0688E+00   8.3168E-02   1.0720E+00   2.7299E+02   2.3862E-11   2.2672E+02   1.0946E+01   8.5174E-01   3.7258E-01
 5.9412E-02   2.1996E-03  -6.0367E-02   7.0220E+02   1.0901E+00   8.8732E-02   1.0937E+00   2.7299E+02   2.4845E-11   2.2982E+02   1.1163E+01   9.0872E-01   3.7633E-01
 5.6629E-02   1.9690E-03  -5.7574E-02   6.6597E+02   1.1131E+00   9.3863E-02   1.1170E+00   2.7298E+02   2.5917E-11   2.3302E+02   1.1399E+01   9.6125E-01   3.8032E-01
 5.3935E-02   1.7387E-03  -5.4870E-02   6.2930E+02   1.1374E+00   9.8551E-02   1.1417E+00   2.7298E+02   2.7063E-11   2.3629E+02   1.1648E+01   1.0093E+00   3.8450E-01
 5.1331E-02   1.5109E-03  -5.2257E-02   5.9278E+02   1.1626E+00   1.0278E-01   1.1671E+00   2.7298E+02   2.8264E-11   2.3960E+02   1.1906E+01   1.0526E+00   3.8877E-01
 4.8818E-02   1.2871E-03  -4.9733E-02   5.5710E+02   1.1879E+00   1.0655E-01   1.1926E+00   2.7298E+02   2.9489E-11   2.4291E+02   1.2165E+01   1.0911E+00   3.9299E-01
 4.6395E-02   1.0685E-03  -4.7301E-02   5.2204E+02   1.2127E+00   1.0997E-01   1.2177E+00   2.7298E+02   3.0721E-11   2.4620E+02   1.2419E+01   1.1262E+00   3.9710E-01
 4.4062E-02   8.5606E-04  -4.4958E-02   4.8739E+02   1.2373E+00   1.1312E-01   1.2424E+00   2.7297E+02   3.1968E-11   2.4949E+02   1.2670E+01   1.1584E+00   4.0111E-01
 4.1817E-02   6.5026E-04  -4.2704E-02   4.5306E+02   1.2616E+00   1.1600E-01   1.2670E+00   2.7297E+02   3.3232E-11   2.5277E+02   1.2920E+01   1.1879E+00   4.0505E-01
 3.9660E-02   4.5161E-04  -4.0538E-02   4.1893E+02   1.2858E+00   1.1863E-01   1.2913E+00   2.7297E+02   3.4516E-11   2.5605E+02   1.3168E+01   1.2148E+00   4.0893E-01
 3.7590E-02   2.6046E-04  -3.8458E-02   3.8489E+02   1.3099E+00   1.2102E-01   1.3155E+00   2.7297E+02   3.5818E-11   2.5933E+02   1.3414E+01   1.2394E+00   4.1274E-01
 3.5605E-02   7.7038E-05  -3.6465E-02   3.5084E+02   1.3338E+00   1.2320E-01   1.3395E+00   2.7296E+02   3.7139E-11   2.6261E+02   1.3659E+01   1.2616E+00   4.1649E-01
 3.3703E-02  -9.8506E-05  -3.4555E-02   3.1667E+02   1.3574E+00   1.2516E-01   1.3632E+00   2.7296E+02   3.8475E-11   2.6590E+02   1.3901E+01   1.2817E+00   4.2016E-01
 3.1882E-02  -2.6614E-04  -3.2726E-02   2.8219E+02   1.3806E+00   1.2694E-01   1.3865E+00   2.7296E+02   3.9822E-11   2.6921E+02   1.4138E+01   1.2999E+00   4.2374E-01
 3.0141E-02  -4.2594E-04  -3.0978E-02   2.4693E+02   1.4035E+00   1.2859E-01   1.4093E+00   2.7296E+02   4.1186E-11   2.7256E+02   1.4372E+01   1.3168E+00   4.2722E-01
 2.8478E-02  -5.7805E-04  -2.9308E-02   2.1048E+02   1.4260E+00   1.3014E-01   1.4319E+00   2.7295E+02   4.2576E-11   2.7597E+02   1.4602E+01   1.3326E+00   4.3062E-01
 2.6890E-02  -7.2265E-04  -2.7714E-02   1.7218E+02   1.4475E+00   1.3152E-01   1.4534E+00   2.7295E+02   4.3995E-11   2.7950E+02   1.4822E+01   1.3468E+00   4.3385E-01
 2.5376E-02  -8.5995E-04  -2.6193E-02   1.2919E+02   1.4698E+00   1.3290E-01   1.4758E+00   2.7295E+02   4.5567E-11   2.8317E+02   1.5051E+01   1.3609E+00   4.3718E-01
 2.3932E-02  -9.8983E-04  -2.4744E-02   8.0085E+01   1.4988E+00   1.3411E-01   1.5048E+00   2.7295E+02   4.7538E-11   2.8701E+02   1.5348E+01   1.3733E+00   4.4145E-01
 2.2557E-02  -1.1115E-03  -2.3363E-02   2.8650E+01   1.5355E+00   1.3420E-01   1.5413E+00   2.7294E+02   4.9926E-11   2.9104E+02   1.5723E+01   1.3742E+00   4.4678E-01
 2.1248E-02  -1.2240E-03  -2.2049E-02  -2.3076E+01   1.5763E+00   1.3288E-01   1.5819E+00   2.7294E+02   5.2567E-11   2.9515E+02   1.6141E+01   1.3607E+00   4.5262E-01
 2.0002E-02  -1.3266E-03  -2.0799E-02  -7.3803E+01   1.6193E+00   1.3008E-01   1.6245E+00   2.7294E+02   5.5370E-11   2.9926E+02   1.6581E+01   1.3320E+00   4.5868E-01
 1.8817E-02  -1.4191E-03  -1.9610E-02  -1.2271E+02   1.6631E+00   1.2581E-01   1.6679E+00   2.7293E+02   5.8268E-11   3.0330E+02   1.7030E+01   1.2882E+00   4.6477E-01
 1.7690E-02  -1.5015E-03  -1.8480E-02  -1.6930E+02   1.7069E+00   1.2011E-01   1.7111E+00   2.7293E+02   6.1209E-11   3.0727E+02   1.7478E+01   1.2299E+00   4.7075E-01
 1.6619E-02  -1.5738E-03  -1.7407E-02  -2.1352E+02   1.7500E+00   1.1307E-01   1.7537E+00   2.7293E+02   6.4165E-11   3.1114E+02   1.7920E+01   1.1578E+00   4.7657E-01
 1.5603E-02  -1.6365E-03  -1.6389E-02  -2.5533E+02   1.7924E+00   1.0477E-01   1.7955E+00   2.7293E+02   6.7124E-11   3.1491E+02   1.8353E+01   1.0728E+00   4.8222E-01
 1.4638E-02  -1.6898E-03  -1.5422E-02  -2.9453E+02   1.8335E+00   9.5246E-02   1.8360E+00   2.7292E+02   7.0055E-11   3.1859E+02   1.8775E+01   9.7528E-01   4.8763E-01
 1.3724E-02  -1.7343E-03  -1.4507E-02  -3.3135E+02   1.8719E+00   8.4567E-02   1.8738E+00   2.7292E+02   7.2903E-11   3.2215E+02   1.9167E+01   8.6593E-01   4.9263E-01
 1.2858E-02  -1.7705E-03  -1.3640E-02  -3.6765E+02   1.9083E+00   7.2915E-02   1.9097E+00   2.7292E+02   7.5766E-11   3.2557E+02   1.9540E+01   7.4661E-01   4.9733E-01
 1.2038E-02  -1.7989E-03  -1.2820E-02  -4.0505E+02   1.9501E+00   6.0148E-02   1.9510E+00   2.7292E+02   7.9013E-11   3.2896E+02   1.9968E+01   6.1589E-01   5.0268E-01
 1.1262E-02  -1.8197E-03  -1.2044E-02  -4.3962E+02   2.0000E+00   4.5108E-02   2.0005E+00   2.7291E+02   8.2728E-11   3.3245E+02   2.0479E+01   4.6188E-01   5.0902E-01
 1.0527E-02  -1.8331E-03  -1.1309E-02  -4.6917E+02   2.0536E+00   2.7644E-02   2.0538E+00   2.7291E+02   8.6659E-11   3.3602E+02   2.1028E+01   2.8306E-01   5.1575E-01
 9.8302E-03  -1.8392E-03  -1.0612E-02  -4.9243E+02   2.1092E+00   7.9541E-03   2.1092E+00   2.7291E+02   9.0691E-11   3.3966E+02   2.1597E+01   8.1446E-02   5.2266E-01
 9.1692E-03  -1.8384E-03  -9.9508E-03  -5.0826E+02   2.1673E+00  -1.3728E-02   2.1673E+00   2.7291E+02   9.4756E-11   3.4346E+02   2.2192E+01  -1.4056E-01   5.2981E-01
 8.5420E-03  -1.8313E-03  -9.3236E-03  -5.1334E+02   2.2222E+00  -3.7084E-02   2.2226E+00   2.7290E+02   9.8412E-11   3.4745E+02   2.2754E+01  -3.7971E-01   5.3652E-01
 7.9472E-03  -1.8185E-03  -8.7286E-03  -5.0702E+02   2.2580E+00  -6.0199E-02   2.2588E+00   2.7290E+02   1.0077E-10   3.5134E+02   2.3120E+01  -6.1639E-01   5.4088E-01
 7.3839E-03  -1.8011E-03  -8.1650E-03  -4.9692E+02   2.2704E+00  -8.0166E-02   2.2718E+00   2.7290E+02   1.0171E-10   3.5483E+02   2.3247E+01  -8.2082E-01   5.4244E-01
 6.8519E-03  -1.7804E-03  -7.6327E-03  -4.8731E+02   2.2669E+00  -9.6866E-02   2.2690E+00   2.7290E+02   1.0171E-10   3.5801E+02   2.3211E+01  -9.9180E-01   5.4211E-01
 6.3508E-03  -1.7574E-03  -7.1311E-03  -4.8155E+02   2.2495E+00  -1.1047E-01   2.2522E+00   2.7289E+02   1.0093E-10   3.6089E+02   2.3032E+01  -1.1311E+00   5.4010E-01
 5.8798E-03  -1.7330E-03  -6.6594E-03  -4.8257E+02   2.2175E+00  -1.2107E-01   2.2208E+00   2.7289E+02   9.9397E-11   3.6328E+02   2.2704E+01  -1.2396E+00   5.3632E-01
 5.4378E-03  -1.7079E-03  -6.2167E-03  -4.9326E+02   2.1670E+00  -1.2855E-01   2.1709E+00   2.7289E+02   9.6920E-11   3.6482E+02   2.2188E+01  -1.3162E+00   5.3026E-01
 5.0237E-03  -1.6824E-03  -5.8018E-03  -5.1683E+02   2.0875E+00  -1.3227E-01   2.0917E+00   2.7289E+02   9.3073E-11   3.6477E+02   2.1374E+01  -1.3543E+00   5.2051E-01
 4.6361E-03  -1.6572E-03  -5.4134E-03  -5.5954E+02   1.9591E+00  -1.3091E-01   1.9635E+00   2.7289E+02   8.7726E-11   3.6216E+02   2.0059E+01  -1.3404E+00   5.0430E-01
 4.2739E-03  -1.6324E-03  -5.0503E-03  -6.4355E+02   1.8300E+00  -1.2793E-01   1.8344E+00   2.7290E+02   8.4534E-11   3.5761E+02   1.8737E+01  -1.3098E+00   4.8744E-01
 3.9350E-03  -1.6076E-03  -4.7106E-03  -7.7506E+02   1.8660E+00  -1.4282E-01   1.8715E+00   2.7290E+02   9.1413E-11   3.5604E+02   1.9107E+01  -1.4625E+00   4.9232E-01
 3.6164E-03  -1.5807E-03  -4.3908E-03  -9.0726E+02   2.1190E+00  -1.9671E-01   2.1281E+00   2.7289E+02   1.1141E-10   3.6240E+02   2.1700E+01  -2.0145E+00   5.2497E-01
 3.3146E-03  -1.5492E-03  -4.0873E-03  -1.0162E+03   2.4962E+00  -2.9289E-01   2.5133E+00   2.7288E+02   1.4117E-10   3.7548E+02   2.5565E+01  -2.9997E+00   5.7047E-01
 3.0267E-03  -1.5112E-03  -3.7969E-03  -1.0849E+03   2.9251E+00  -4.3256E-01   2.9569E+00   2.7287E+02   1.7681E-10   3.9242E+02   2.9959E+01  -4.4304E+00   6.1875E-01
 2.7507E-03  -1.4658E-03  -3.5172E-03  -1.1038E+03   3.3425E+00  -6.1008E-01   3.3977E+00   2.7286E+02   2.1336E-10   4.1105E+02   3.4236E+01  -6.2488E+00   6.6327E-01
 2.4850E-03  -1.4126E-03  -3.2461E-03  -1.0697E+03   3.7009E+00  -8.1269E-01   3.7891E+00   2.7285E+02   2.4602E-10   4.2987E+02   3.7907E+01  -8.3240E+00   7.0043E-01
 2.2285E-03  -1.3515E-03  -2.9824E-03  -9.8635E+02   3.9656E+00  -1.0220E+00   4.0952E+00   2.7283E+02   2.7146E-10   4.4814E+02   4.0617E+01  -1.0468E+01   7.2818E-01
 1.9808E-03  -1.2829E-03  -2.7253E-03  -8.6960E+02   4.1388E+00  -1.2249E+00   4.3162E+00   2.7282E+02   2.8964E-10   4.6551E+02   4.2389E+01  -1.2545E+01   7.4758E-01
 1.7434E-03  -1.2082E-03  -2.4764E-03  -7.3387E+02   4.2692E+00  -1.4285E+00   4.5018E+00   2.7281E+02   3.0449E-10   4.8320E+02   4.3724E+01  -1.4631E+01   7.6350E-01
 1.5193E-03  -1.1288E-03  -2.2386E-03  -5.8312E+02   4.3948E+00  -1.6477E+00   4.6935E+00   2.7279E+02   3.1936E-10   5.0307E+02   4.5011E+01  -1.6875E+01   7.7958E-01
 1.3108E-03  -1.0463E-03  -2.0144E-03  -4.1907E+02   4.5244E+00  -1.8912E+00   4.9038E+00   2.7278E+02   3.3476E-10   5.2576E+02   4.6339E+01  -1.9370E+01   7.9684E-01
 1.1192E-03  -9.6185E-04  -1.8049E-03  -2.4133E+02   4.6606E+00  -2.1672E+00   5.1399E+00   2.7276E+02   3.5105E-10   5.5177E+02   4.7737E+01  -2.2198E+01   8.1578E-01
 9.4507E-04  -8.7652E-04  -1.6110E-03  -4.8312E+01   4.7994E+00  -2.4818E+00   5.4031E+00   2.7274E+02   3.6767E-10   5.8142E+02   4.9161E+01  -2.5422E+01   8.3639E-01
 7.8844E-04  -7.9114E-04  -1.4326E-03   1.6190E+02   4.9313E+00  -2.8390E+00   5.6901E+00   2.7271E+02   3.8461E-10   6.1490E+02   5.0516E+01  -2.9083E+01   8.5828E-01
 6.4893E-04  -7.0637E-04  -1.2693E-03   3.9119E+02   5.0410E+00  -3.2389E+00   5.9918E+00   2.7269E+02   3.9983E-10   6.5203E+02   5.1646E+01  -3.3183E+01   8.8069E-01
 5.2585E-04  -6.2277E-04  -1.1204E-03   6.4118E+02   5.1096E+00  -3.6772E+00   6.2952E+00   2.7266E+02   4.0970E-10   6.9274E+02   5.2356E+01  -3.7679E+01   9.0264E-01
 4.1833E-04  -5.4077E-04  -9.8515E-04   9.1263E+02   5.1148E+00  -4.1433E+00   6.5824E+00   2.7263E+02   4.1565E-10   7.3721E+02   5.2420E+01  -4.2463E+01   9.2292E-01
 3.2536E-04  -4.6070E-04  -8.6240E-04   1.2049E+03   5.0296E+00  -4.6150E+00   6.8261E+00   2.7259E+02   4.1699E-10   7.8473E+02   5.1558E+01  -4.7307E+01   9.3974E-01
 2.4587E-04  -3.8284E-04  -7.5107E-04   1.5152E+03   4.8282E+00  -5.0582E+00   6.9926E+00   2.7256E+02   4.1083E-10   8.3414E+02   4.9506E+01  -5.1865E+01   9.5101E-01
 1.7874E-04  -3.0738E-04  -6.5001E-04   1.8383E+03   4.4919E+00  -5.4279E+00   7.0455E+00   2.7252E+02   3.9371E-10   8.8421E+02   4.6071E+01  -5.5671E+01   9.5446E-01
 1.2288E-04  -2.3446E-04  -5.5808E-04   2.1668E+03   4.0154E+00  -5.6690E+00   6.9470E+00   2.7249E+02   3.6605E-10   9.3404E+02   4.1196E+01  -5.8162E+01   9.4762E-01
 7.7199E-05  -1.6418E-04  -4.7420E-04   2.4900E+03   3.4121E+00  -5.7234E+00   6.6633E+00   2.7246E+02   3.2964E-10   9.8234E+02   3.5018E+01  -5.8739E+01   9.2792E-01
 4.0658E-05  -9.6600E-05  -3.9731E-04   2.7944E+03   2.7230E+00  -5.5506E+00   6.1826E+00   2.7242E+02   2.8729E-10   1.0275E+03   2.7955E+01  -5.6983E+01   8.9368E-01
 1.2273E-05  -3.1745E-05  -3.2645E-04   3.0692E+03   2.0126E+00  -5.1472E+00   5.5267E+00   2.7239E+02   2.6698E-10   1.0737E+03   2.0667E+01  -5.2857E+01   8.4482E-01
-9.3624E-06   3.2217E-05  -2.5887E-04   3.3121E+03   1.3205E+00  -4.4655E+00   4.6566E+00   2.7237E+02   2.4373E-10   1.1106E+03   1.3562E+01  -4.5861E+01   7.7543E-01
-2.5548E-05   9.9064E-05  -1.9002E-04   3.5173E+03   7.0554E-01  -3.4698E+00   3.5408E+00   2.7236E+02   1.7834E-10   1.1244E+03   7.2455E+00  -3.5634E+01   6.7620E-01
-3.6252E-05   1.7090E-04  -1.1732E-04   3.6723E+03   2.5687E-01  -2.2664E+00   2.2809E+00   2.7234E+02   2.1681E-10   1.1449E+03   2.6375E+00  -2.3271E+01   5.4276E-01
-4.0631E-05   2.4806E-04  -3.9954E-05   3.7604E+03   3.0406E-02  -9.2628E-01   9.2677E-01   2.7236E+02   1.3967E-10   1.1244E+03   3.1214E-01  -9.5090E+00   3.4597E-01
-3.7776E-05   3.3087E-04   4.2996E-05   3.7744E+03   4.8495E-02   3.9428E-01   3.9726E-01   2.7237E+02   1.1393E-10   1.0973E+03   4.9771E-01   4.0466E+00   2.2645E-01
-2.6709E-05   4.1969E-04   1.3258E-04   3.7140E+03   3.0348E-01   1.7101E+00   1.7369E+00   2.7229E+02   7.4441E-09   1.2169E+03   3.1141E+00   1.7548E+01   4.7388E-01
-6.3921E-06   5.1484E-04   2.2997E-04   3.5834E+03   7.3251E-01   2.8090E+00   2.9030E+00   2.7232E+02   8.9944E-09   1.1804E+03   7.5145E+00   2.8816E+01   6.1276E-01
 2.4269E-05   6.1667E-04   3.3640E-04   3.3951E+03   1.2274E+00   3.5585E+00   3.7643E+00   2.7238E+02   8.3890E-09   1.0818E+03   1.2588E+01   3.6496E+01   6.9784E-01
 6.6416E-05   7.2548E-04   4.5316E-04   3.1633E+03   1.5499E+00   3.6053E+00   3.9243E+00   2.7256E+02   1.7238E-10   8.2673E+02   1.5890E+01   3.6962E+01   7.1248E-01
 1.2122E-04   8.4156E-04   5.8161E-04   2.9050E+03   1.9595E+00   3.8104E+00   4.2847E+00   2.7262E+02   1.3741E-10   7.5517E+02   2.0085E+01   3.9057E+01   7.4456E-01
 1.8987E-04   9.6517E-04   7.2307E-04   2.6313E+03   2.3215E+00   3.8919E+00   4.5317E+00   2.7265E+02   1.6630E-10   7.1254E+02   2.3790E+01   3.9883E+01   7.6581E-01
 2.7353E-04   1.0965E-03   8.7883E-04   2.3504E+03   2.6088E+00   3.8520E+00   4.6523E+00   2.7267E+02   1.8493E-10   6.7261E+02   2.6729E+01   3.9466E+01   7.7600E-01
 3.7333E-04   1.2356E-03   1.0501E-03   2.0702E+03   2.8206E+00   3.7282E+00   4.6749E+00   2.7270E+02   1.9743E-10   6.3360E+02   2.8894E+01   3.8192E+01   7.7795E-01
 4.9029E-04   1.3826E-03   1.2380E-03   1.7961E+03   2.9683E+00   3.5575E+00   4.6332E+00   2.7273E+02   2.0731E-10   5.9695E+02   3.0404E+01   3.6439E+01   7.7451E-01
 6.2530E-04   1.5372E-03   1.4433E-03   1.5309E+03   3.0661E+00   3.3666E+00   4.5535E+00   2.7275E+02   2.1504E-10   5.6366E+02   3.1403E+01   3.4481E+01   7.6786E-01
 7.7900E-04   1.6992E-03   1.6667E-03   1.2759E+03   3.1272E+00   3.1724E+00   4.4546E+00   2.7277E+02   2.1996E-10   5.3383E+02   3.2027E+01   3.2490E+01   7.5950E-01
 9.5176E-04   1.8681E-03   1.9083E-03   1.0315E+03   3.1627E+00   2.9852E+00   4.3490E+00   2.7279E+02   2.2227E-10   5.0721E+02   3.2389E+01   3.0571E+01   7.5046E-01
 1.1435E-03   2.0430E-03   2.1678E-03   7.9742E+02   3.1828E+00   2.8112E+00   4.2465E+00   2.7281E+02   2.2343E-10   4.8382E+02   3.2593E+01   2.8789E+01   7.4157E-01
 1.3535E-03   2.2228E-03   2.4444E-03   5.7312E+02   3.1960E+00   2.6543E+00   4.1545E+00   2.7282E+02   2.2421E-10   4.6370E+02   3.2728E+01   2.7181E+01   7.3350E-01
 1.5805E-03   2.4059E-03   2.7360E-03   3.5791E+02   3.2077E+00   2.5146E+00   4.0758E+00   2.7283E+02   2.2454E-10   4.4653E+02   3.2848E+01   2.5750E+01   7.2652E-01
 1.8222E-03   2.5901E-03   3.0400E-03   1.5162E+02   3.2232E+00   2.3919E+00   4.0138E+00   2.7284E+02   2.2518E-10   4.3229E+02   3.3007E+01   2.4493E+01   7.2097E-01
 2.0751E-03   2.7729E-03   3.3520E-03  -4.5877E+01   3.2477E+00   2.2854E+00   3.9712E+00   2.7285E+02   2.2662E-10   4.2061E+02   3.3258E+01   2.3403E+01   7.1714E-01
 2.3358E-03   2.9515E-03   3.6681E-03  -2.3584E+02   3.2626E+00   2.1746E+00   3.9209E+00   2.7286E+02   2.2687E-10   4.0982E+02   3.3412E+01   2.2269E+01   7.1257E-01
 2.6037E-03   3.1250E-03   3.9872E-03  -4.0848E+02   3.2301E+00   2.0325E+00   3.8164E+00   2.7287E+02   2.2279E-10   3.9886E+02   3.3080E+01   2.0815E+01   7.0300E-01
 2.8796E-03   3.2935E-03   4.3106E-03  -5.4896E+02   3.1348E+00   1.8584E+00   3.6443E+00   2.7287E+02   2.1281E-10   3.8765E+02   3.2104E+01   1.9032E+01   6.8696E-01
 3.1655E-03   3.4580E-03   4.6404E-03  -6.5156E+02   2.9865E+00   1.6686E+00   3.4210E+00   2.7288E+02   1.9761E-10   3.7637E+02   3.0584E+01   1.7088E+01   6.6558E-01
 3.4634E-03   3.6198E-03   4.9794E-03  -7.1517E+02   2.8072E+00   1.4838E+00   3.1752E+00   2.7289E+02   1.7958E-10   3.6585E+02   2.8748E+01   1.5195E+01   6.4124E-01
 3.7764E-03   3.7813E-03   5.3317E-03  -7.4526E+02   2.6350E+00   1.3288E+00   2.9511E+00   2.7290E+02   1.6233E-10   3.5751E+02   2.6983E+01   1.3608E+01   6.1822E-01
 4.1084E-03   3.9459E-03   5.7022E-03  -7.5519E+02   2.5329E+00   1.2356E+00   2.8182E+00   2.7290E+02   1.5097E-10   3.5331E+02   2.5936E+01   1.2652E+01   6.0415E-01
 4.4636E-03   4.1172E-03   6.0966E-03  -7.7489E+02   2.5497E+00   1.2171E+00   2.8253E+00   2.7290E+02   1.4927E-10   3.5336E+02   2.6108E+01   1.2462E+01   6.0492E-01
 4.8448E-03   4.2973E-03   6.5182E-03  -8.3071E+02   2.6254E+00   1.2268E+00   2.8979E+00   2.7290E+02   1.5347E-10   3.5473E+02   2.6882E+01   1.2562E+01   6.1264E-01
 5.2536E-03   4.4861E-03   6.9685E-03  -9.0395E+02   2.6851E+00   1.2266E+00   2.9521E+00   2.7290E+02   1.5799E-10   3.5555E+02   2.7494E+01   1.2560E+01   6.1834E-01
 5.6910E-03   4.6835E-03   7.4484E-03  -9.8603E+02   2.7303E+00   1.2172E+00   2.9893E+00   2.7290E+02   1.6182E-10   3.5586E+02   2.7956E+01   1.2464E+01   6.2223E-01
 6.1583E-03   4.8890E-03   7.9589E-03  -1.0751E+03   2.7698E+00   1.2027E+00   3.0196E+00   2.7290E+02   1.6533E-10   3.5596E+02   2.8361E+01   1.2314E+01   6.2538E-01
 6.6562E-03   5.1021E-03   8.5005E-03  -1.1699E+03   2.8059E+00   1.1836E+00   3.0454E+00   2.7290E+02   1.6863E-10   3.5602E+02   2.8731E+01   1.2120E+01   6.2803E-01
 7.1855E-03   5.3218E-03   9.0736E-03  -1.2682E+03   2.8372E+00   1.1592E+00   3.0649E+00   2.7290E+02   1.7159E-10   3.5608E+02   2.9051E+01   1.1869E+01   6.3004E-01
 7.7465E-03   5.5468E-03   9.6780E-03  -1.3670E+03   2.8600E+00   1.1273E+00   3.0741E+00   2.7290E+02   1.7381E-10   3.5604E+02   2.9284E+01   1.1543E+01   6.3099E-01
 8.3390E-03   5.7756E-03   1.0313E-02  -1.4616E+03   2.8645E+00   1.0842E+00   3.0628E+00   2.7290E+02   1.7439E-10   3.5569E+02   2.9331E+01   1.1101E+01   6.2982E-01
 8.9630E-03   6.0066E-03   1.0979E-02  -1.5423E+03   2.8449E+00   1.0305E+00   3.0258E+00   2.7290E+02   1.7268E-10   3.5508E+02   2.9131E+01   1.0552E+01   6.2601E-01
 9.6198E-03   6.2392E-03   1.1675E-02  -1.6045E+03   2.8154E+00   9.7578E-01   2.9797E+00   2.7290E+02   1.6973E-10   3.5457E+02   2.8828E+01   9.9914E+00   6.2122E-01
 1.0311E-02   6.4737E-03   1.2405E-02  -1.6540E+03   2.7892E+00   9.2577E-01   2.9388E+00   2.7290E+02   1.6673E-10   3.5429E+02   2.8559E+01   9.4792E+00   6.1695E-01
 1.1039E-02   6.7103E-03   1.3171E-02  -1.6943E+03   2.7682E+00   8.8157E-01   2.9051E+00   2.7290E+02   1.6406E-10   3.5415E+02   2.8344E+01   9.0266E+00   6.1341E-01
 1.1807E-02   6.9501E-03   1.3975E-02  -1.7292E+03   2.7567E+00   8.4508E-01   2.8833E+00   2.7290E+02   1.6216E-10   3.5420E+02   2.8226E+01   8.6528E+00   6.1110E-01
 1.2616E-02   7.1940E-03   1.4821E-02  -1.7651E+03   2.7674E+00   8.2031E-01   2.8865E+00   2.7290E+02   1.6216E-10   3.5458E+02   2.8336E+01   8.3992E+00   6.1144E-01
 1.3470E-02   7.4429E-03   1.5710E-02  -1.8158E+03   2.8002E+00   8.0258E-01   2.9129E+00   2.7290E+02   1.6425E-10   3.5506E+02   2.8671E+01   8.2177E+00   6.1423E-01
 1.4371E-02   7.6961E-03   1.6646E-02  -1.8801E+03   2.8308E+00   7.8052E-01   2.9365E+00   2.7290E+02   1.6663E-10   3.5528E+02   2.8985E+01   7.9918E+00   6.1671E-01
 1.5321E-02   7.9520E-03   1.7629E-02  -1.9450E+03   2.8451E+00   7.4976E-01   2.9422E+00   2.7290E+02   1.6781E-10   3.5515E+02   2.9131E+01   7.6769E+00   6.1731E-01
 1.6321E-02   8.2085E-03   1.8662E-02  -2.0030E+03   2.8388E+00   7.0942E-01   2.9261E+00   2.7290E+02   1.6710E-10   3.5454E+02   2.9067E+01   7.2639E+00   6.1562E-01
 1.7373E-02   8.4636E-03   1.9744E-02  -2.0440E+03   2.8043E+00   6.5972E-01   2.8808E+00   2.7290E+02   1.6369E-10   3.5336E+02   2.8714E+01   6.7550E+00   6.1084E-01
 1.8479E-02   8.7159E-03   2.0879E-02  -2.0575E+03   2.7527E+00   6.0939E-01   2.8194E+00   2.7290E+02   1.5840E-10   3.5176E+02   2.8186E+01   6.2397E+00   6.0429E-01
 1.9641E-02   8.9657E-03   2.2068E-02  -2.0541E+03   2.7020E+00   5.6423E-01   2.7603E+00   2.7290E+02   1.5281E-10   3.4984E+02   2.7666E+01   5.7773E+00   5.9792E-01
 2.0861E-02   9.2136E-03   2.3313E-02  -2.0406E+03   2.6546E+00   5.2511E-01   2.7060E+00   2.7290E+02   1.4742E-10   3.4764E+02   2.7180E+01   5.3767E+00   5.9201E-01
 2.2141E-02   9.4607E-03   2.4616E-02  -2.0212E+03   2.6126E+00   4.9279E-01   2.6586E+00   2.7290E+02   1.4254E-10   3.4528E+02   2.6750E+01   5.0457E+00   5.8681E-01
 2.3482E-02   9.7088E-03   2.5980E-02  -2.0014E+03   2.5821E+00   4.6871E-01   2.6243E+00   2.7291E+02   1.3872E-10   3.4301E+02   2.6438E+01   4.7991E+00   5.8301E-01
 2.4885E-02   9.9602E-03   2.7405E-02  -1.9899E+03   2.5764E+00   4.5552E-01   2.6163E+00   2.7291E+02   1.3707E-10   3.4117E+02   2.6380E+01   4.6641E+00   5.8213E-01
 2.6353E-02   1.0217E-02   2.8896E-02  -2.0036E+03   2.6025E+00   4.5090E-01   2.6413E+00   2.7291E+02   1.3835E-10   3.3991E+02   2.6647E+01   4.6168E+00   5.8489E-01
 2.7887E-02   1.0479E-02   3.0452E-02  -2.0485E+03   2.6405E+00   4.4504E-01   2.6778E+00   2.7291E+02   1.4122E-10   3.3908E+02   2.7036E+01   4.5568E+00   5.8892E-01
 2.9489E-02   1.0744E-02   3.2076E-02  -2.1057E+03   2.6721E+00   4.3368E-01   2.7071E+00   2.7291E+02   1.4404E-10   3.3852E+02   2.7360E+01   4.4406E+00   5.9213E-01
 3.1162E-02   1.1009E-02   3.3769E-02  -2.1678E+03   2.6959E+00   4.1612E-01   2.7278E+00   2.7291E+02   1.4631E-10   3.3798E+02   2.7604E+01   4.2608E+00   5.9439E-01
 3.2908E-02   1.1269E-02   3.5534E-02  -2.2282E+03   2.7060E+00   3.9110E-01   2.7341E+00   2.7291E+02   1.4739E-10   3.3720E+02   2.7707E+01   4.0046E+00   5.9508E-01
 3.4728E-02   1.1522E-02   3.7372E-02  -2.2764E+03   2.6951E+00   3.5916E-01   2.7190E+00   2.7291E+02   1.4651E-10   3.3594E+02   2.7596E+01   3.6776E+00   5.9342E-01
 3.6625E-02   1.1764E-02   3.9285E-02  -2.3035E+03   2.6705E+00   3.2577E-01   2.6903E+00   2.7291E+02   1.4413E-10   3.3422E+02   2.7344E+01   3.3356E+00   5.9029E-01
 3.8600E-02   1.1994E-02   4.1273E-02  -2.3193E+03   2.6431E+00   2.9335E-01   2.6594E+00   2.7291E+02   1.4124E-10   3.3211E+02   2.7064E+01   3.0037E+00   5.8688E-01
 4.0655E-02   1.2211E-02   4.3339E-02  -2.3275E+03   2.6137E+00   2.6222E-01   2.6268E+00   2.7292E+02   1.3810E-10   3.2974E+02   2.6763E+01   2.6850E+00   5.8328E-01
 4.2789E-02   1.2414E-02   4.5484E-02  -2.3294E+03   2.5826E+00   2.3266E-01   2.5931E+00   2.7292E+02   1.3480E-10   3.2720E+02   2.6444E+01   2.3823E+00   5.7952E-01
 4.5005E-02   1.2602E-02   4.7708E-02  -2.3262E+03   2.5512E+00   2.0497E-01   2.5594E+00   2.7292E+02   1.3147E-10   3.2455E+02   2.6123E+01   2.0987E+00   5.7574E-01
 4.7303E-02   1.2776E-02   5.0012E-02  -2.3200E+03   2.5214E+00   1.7947E-01   2.5278E+00   2.7292E+02   1.2832E-10   3.2190E+02   2.5818E+01   1.8377E+00   5.7218E-01
 4.9682E-02   1.2935E-02   5.2396E-02  -2.3137E+03   2.4971E+00   1.5651E-01   2.5020E+00   2.7292E+02   1.2567E-10   3.1936E+02   2.5570E+01   1.6026E+00   5.6925E-01
 5.2143E-02   1.3079E-02   5.4861E-02  -2.3127E+03   2.4810E+00   1.3521E-01   2.4847E+00   2.7292E+02   1.2376E-10   3.1704E+02   2.5405E+01   1.3845E+00   5.6728E-01
 5.4686E-02   1.3207E-02   5.7407E-02  -2.3192E+03   2.4681E+00   1.1322E-01   2.4707E+00   2.7293E+02   1.2227E-10   3.1489E+02   2.5273E+01   1.1594E+00   5.6568E-01
 5.7309E-02   1.3315E-02   6.0033E-02  -2.3262E+03   2.4525E+00   8.9986E-02   2.4542E+00   2.7293E+02   1.2068E-10   3.1284E+02   2.5113E+01   9.2143E-01   5.6378E-01
 6.0013E-02   1.3401E-02   6.2739E-02  -2.3306E+03   2.4330E+00   6.5508E-02   2.4339E+00   2.7293E+02   1.1880E-10   3.1074E+02   2.4914E+01   6.7078E-01   5.6144E-01
 6.2797E-02   1.3461E-02   6.5523E-02  -2.3304E+03   2.4083E+00   3.9851E-02   2.4086E+00   2.7293E+02   1.1651E-10   3.0852E+02   2.4660E+01   4.0806E-01   5.5852E-01
 6.5660E-02   1.3492E-02   6.8386E-02  -2.3230E+03   2.3757E+00   1.3148E-02   2.3757E+00   2.7293E+02   1.1359E-10   3.0607E+02   2.4327E+01   1.3463E-01   5.5469E-01
 6.8599E-02   1.3492E-02   7.1325E-02  -2.3040E+03   2.3319E+00  -1.3785E-02   2.3320E+00   2.7293E+02   1.0978E-10   3.0328E+02   2.3879E+01  -1.4116E-01   5.4956E-01
 7.1613E-02   1.3457E-02   7.4340E-02  -2.2696E+03   2.2804E+00  -3.8703E-02   2.2807E+00   2.7294E+02   1.0531E-10   3.0015E+02   2.3351E+01  -3.9632E-01   5.4348E-01
 7.4700E-02   1.3388E-02   7.7427E-02  -2.2261E+03   2.2275E+00  -6.1042E-02   2.2283E+00   2.7294E+02   1.0071E-10   2.9682E+02   2.2809E+01  -6.2507E-01   5.3720E-01
 7.7856E-02   1.3286E-02   8.0585E-02  -2.1777E+03   2.1755E+00  -8.0795E-02   2.1770E+00   2.7294E+02   9.6239E-11   2.9341E+02   2.2277E+01  -8.2735E-01   5.3097E-01
 8.1079E-02   1.3152E-02   8.3811E-02  -2.1268E+03   2.1264E+00  -9.8046E-02   2.1287E+00   2.7294E+02   9.2069E-11   2.9008E+02   2.1775E+01  -1.0040E+00   5.2505E-01
 8.4366E-02   1.2987E-02   8.7102E-02  -2.0768E+03   2.0839E+00  -1.1318E-01   2.0870E+00   2.7295E+02   8.8462E-11   2.8694E+02   2.1339E+01  -1.1589E+00   5.1988E-01
 8.7712E-02   1.2791E-02   9.0453E-02  -2.0329E+03   2.0475E+00  -1.2775E-01   2.0515E+00   2.7295E+02   8.5418E-11   2.8405E+02   2.0967E+01  -1.3082E+00   5.1544E-01
 9.1113E-02   1.2565E-02   9.3862E-02  -1.9920E+03   2.0119E+00  -1.4241E-01   2.0169E+00   2.7295E+02   8.2570E-11   2.8135E+02   2.0602E+01  -1.4584E+00   5.1108E-01
 9.4565E-02   1.2305E-02   9.7324E-02  -1.9498E+03   1.9744E+00  -1.5695E-01   1.9806E+00   2.7295E+02   7.9688E-11   2.7871E+02   2.0219E+01  -1.6072E+00   5.0646E-01
 9.8063E-02   1.2011E-02   1.0083E-01  -1.9049E+03   1.9348E+00  -1.7125E-01   1.9424E+00   2.7295E+02   7.6719E-11   2.7605E+02   1.9813E+01  -1.7536E+00   5.0154E-01
 1.0160E-01   1.1682E-02   1.0439E-01  -1.8565E+03   1.8927E+00  -1.8520E-01   1.9017E+00   2.7296E+02   7.3639E-11   2.7331E+02   1.9382E+01  -1.8965E+00   4.9626E-01
 1.0518E-01   1.1314E-02   1.0798E-01  -1.8040E+03   1.8468E+00  -1.9876E-01   1.8575E+00   2.7296E+02   7.0383E-11   2.7045E+02   1.8913E+01  -2.0354E+00   4.9046E-01
 1.0878E-01   1.0907E-02   1.1161E-01  -1.7452E+03   1.7954E+00  -2.1164E-01   1.8079E+00   2.7296E+02   6.6842E-11   2.6738E+02   1.8386E+01  -2.1673E+00   4.8386E-01
 1.1241E-01   1.0460E-02   1.1527E-01  -1.6778E+03   1.7366E+00  -2.2336E-01   1.7509E+00   2.7296E+02   6.2918E-11   2.6401E+02   1.7784E+01  -2.2873E+00   4.7618E-01
 1.1606E-01   9.9703E-03   1.1895E-01  -1.5992E+03   1.6674E+00  -2.3316E-01   1.6837E+00   2.7297E+02   5.8469E-11   2.6018E+02   1.7076E+01  -2.3878E+00   4.6694E-01
 1.1972E-01   9.4384E-03   1.2265E-01  -1.5047E+03   1.5857E+00  -2.3930E-01   1.6037E+00   2.7297E+02   5.3403E-11   2.5578E+02   1.6239E+01  -2.4506E+00   4.5571E-01
 1.2339E-01   8.8680E-03   1.2636E-01  -1.3934E+03   1.5000E+00  -2.4046E-01   1.5191E+00   2.7297E+02   4.8209E-11   2.5092E+02   1.5361E+01  -2.4625E+00   4.4353E-01
 1.2705E-01   8.2665E-03   1.3007E-01  -1.2787E+03   1.4205E+00  -2.3834E-01   1.4404E+00   2.7298E+02   4.3496E-11   2.4591E+02   1.4548E+01  -2.4408E+00   4.3188E-01
 1.3071E-01   7.6419E-03   1.3379E-01  -1.1674E+03   1.3508E+00  -2.3408E-01   1.3709E+00   2.7298E+02   3.9466E-11   2.4110E+02   1.3834E+01  -2.3973E+00   4.2134E-01
 1.3437E-01   7.0020E-03   1.3750E-01  -1.0641E+03   1.2962E+00  -2.2937E-01   1.3163E+00   2.7298E+02   3.6337E-11   2.3680E+02   1.3274E+01  -2.3490E+00   4.1286E-01
 1.3801E-01   6.3511E-03   1.4120E-01  -9.7696E+02   1.2538E+00  -2.2653E-01   1.2741E+00   2.7298E+02   3.3972E-11   2.3308E+02   1.2841E+01  -2.3199E+00   4.0619E-01
 1.4163E-01   5.6877E-03   1.4487E-01  -8.9801E+02   1.2101E+00  -2.2494E-01   1.2308E+00   2.7299E+02   3.1751E-11   2.2966E+02   1.2393E+01  -2.3036E+00   3.9923E-01
 1.4522E-01   5.0079E-03   1.4853E-01  -8.1494E+02   1.1568E+00  -2.2280E-01   1.1780E+00   2.7299E+02   2.9259E-11   2.2613E+02   1.1847E+01  -2.2817E+00   3.9057E-01
 1.4878E-01   4.3078E-03   1.5216E-01  -7.2273E+02   1.0925E+00  -2.1938E-01   1.1143E+00   2.7299E+02   2.6423E-11   2.2203E+02   1.1189E+01  -2.2467E+00   3.7986E-01
 1.5230E-01   3.5843E-03   1.5575E-01  -6.1894E+02   1.0100E+00  -2.1248E-01   1.0321E+00   2.7300E+02   2.3023E-11   2.1723E+02   1.0344E+01  -2.1761E+00   3.6557E-01
 1.5577E-01   2.8351E-03   1.5931E-01  -4.9350E+02   9.1982E-01  -2.0328E-01   9.4202E-01   2.7300E+02   1.9514E-11   2.1103E+02   9.4206E+00  -2.0820E+00   3.4925E-01
 1.5919E-01   2.0590E-03   1.6281E-01  -3.6409E+02   7.8099E-01  -1.8163E-01   8.0183E-01   2.7301E+02   1.4787E-11   2.0420E+02   7.9989E+00  -1.8602E+00   3.2222E-01
 1.6256E-01   1.2552E-03   1.6627E-01  -1.6806E+02   7.0658E-01  -1.7320E-01   7.2750E-01   2.7301E+02   1.3210E-11   1.9427E+02   7.2363E+00  -1.7738E+00   3.0693E-01
 1.6586E-01   4.2318E-04   1.6968E-01  -8.1639E+01   4.8186E-01  -1.3482E-01   5.0036E-01   2.7294E+02   1.7569E-11   1.6790E+02   2.8323E+00  -7.9245E-01   3.3596E-01
