#        X=           Y=           S=           P=           U=           V=         Vel=           T=         mut=         hcv=          Ax=          Ay=       Yplus=
-4.9959E-02   7.8385E-04  -1.5618E-01   6.8201E+01   1.8157E-02   1.0916E-01   1.1066E-01   2.7113E+02   2.0481E-06   8.6018E+01   9.7608E-04   3.7580E-02   6.5845E-01
-4.9877E-02   2.3515E-03  -1.5461E-01   6.7767E+01   2.5348E-02   3.1363E-01   3.1465E-01   2.7118E+02   2.1428E-06   8.3441E+01   5.6276E-03   1.0760E-01   1.1085E+00
-4.9795E-02   3.9192E-03  -1.5304E-01   6.6920E+01   3.2262E-02   4.9582E-01   4.9686E-01   2.7147E+02   4.7117E-09   7.1664E+01   1.1973E-02   1.7070E-01   1.3894E+00
-4.9658E-02   5.4812E-03  -1.5148E-01   6.5403E+01   8.6077E-02   6.6565E-01   6.7119E-01   2.7158E+02   2.5787E-09   6.6921E+01   2.6269E-02   2.3071E-01   1.6132E+00
-4.9440E-02   7.0346E-03  -1.4991E-01   6.3700E+01   1.3401E-01   8.0461E-01   8.1569E-01   2.7162E+02   3.8012E-09   6.5331E+01   4.1672E-02   2.7916E-01   1.7806E+00
-4.9194E-02   8.5852E-03  -1.4834E-01   6.1799E+01   1.6885E-01   1.0115E+00   1.0255E+00   2.7157E+02   4.8483E-09   6.7460E+01   5.8867E-02   3.5149E-01   1.9967E+00
-4.8922E-02   1.0130E-02  -1.4677E-01   5.8919E+01   2.4539E-01   1.2375E+00   1.2616E+00   2.7156E+02   6.4237E-09   6.8340E+01   8.8121E-02   4.3304E-01   2.2119E+00
-4.8569E-02   1.1658E-02  -1.4520E-01   5.5380E+01   3.4659E-01   1.2965E+00   1.3420E+00   2.7166E+02   8.0567E-09   6.4395E+01   1.1368E-01   4.5644E-01   2.2826E+00
-4.8163E-02   1.3175E-02  -1.4363E-01   5.2906E+01   3.9534E-01   1.4242E+00   1.4780E+00   2.7162E+02   1.0720E-08   6.5987E+01   1.3432E-01   5.0114E-01   2.3983E+00
-4.7756E-02   1.4691E-02  -1.4206E-01   4.9341E+01   4.9893E-01   1.7984E+00   1.8663E+00   2.7150E+02   1.4968E-08   7.1766E+01   1.8875E-01   6.3677E-01   2.6908E+00
-4.7272E-02   1.6183E-02  -1.4049E-01   4.2827E+01   6.6288E-01   1.7921E+00   1.9108E+00   2.7164E+02   1.5514E-08   6.5690E+01   2.2724E-01   6.4215E-01   2.7221E+00
-4.6709E-02   1.7649E-02  -1.3892E-01   4.0295E+01   6.9081E-01   1.7549E+00   1.8859E+00   2.7166E+02   1.8313E-08   6.4643E+01   2.3997E-01   6.2534E-01   2.7089E+00
-4.6146E-02   1.9115E-02  -1.3735E-01   3.6473E+01   8.1809E-01   2.0793E+00   2.2344E+00   2.7157E+02   2.3764E-08   6.9213E+01   3.0124E-01   7.4512E-01   2.9459E+00
-4.5533E-02   2.0559E-02  -1.3578E-01   2.8932E+01   9.9582E-01   2.1664E+00   2.3843E+00   2.7165E+02   2.6376E-08   6.6006E+01   3.5799E-01   7.8561E-01   3.0404E+00
-4.4845E-02   2.1970E-02  -1.3421E-01   2.4133E+01   1.0529E+00   2.0451E+00   2.3003E+00   2.7172E+02   2.9473E-08   6.2775E+01   3.6968E-01   7.4167E-01   2.9898E+00
-4.4132E-02   2.3370E-02  -1.3264E-01   2.0622E+01   1.1712E+00   2.2459E+00   2.5329E+00   2.7164E+02   3.6641E-08   6.6791E+01   4.2482E-01   8.1571E-01   3.1378E+00
-4.3395E-02   2.4756E-02  -1.3107E-01   1.3426E+01   1.3876E+00   2.4868E+00   2.8477E+00   2.7162E+02   4.2953E-08   6.8040E+01   5.1621E-01   9.1223E-01   3.3229E+00
-4.2587E-02   2.6100E-02  -1.2950E-01   5.1277E+00   1.5014E+00   2.3276E+00   2.7699E+00   2.7172E+02   4.3334E-08   6.3665E+01   5.3790E-01   8.6117E-01   3.2791E+00
-4.1732E-02   2.7416E-02  -1.2793E-01   2.5737E+00   1.5101E+00   2.2747E+00   2.7303E+00   2.7169E+02   4.9229E-08   6.4456E+01   5.4342E-01   8.3650E-01   3.2592E+00
-4.0877E-02   2.8733E-02  -1.2636E-01  -2.8943E+00   1.8418E+00   2.7704E+00   3.3268E+00   2.7156E+02   6.3112E-08   7.1599E+01   7.0645E-01   1.0272E+00   3.5922E+00
-3.9955E-02   3.0002E-02  -1.2479E-01  -1.6542E+01   2.0206E+00   2.5726E+00   3.2712E+00   2.7170E+02   5.8353E-08   6.5388E+01   7.4482E-01   9.7089E-01   3.5615E+00
-3.8966E-02   3.1223E-02  -1.2322E-01  -1.7392E+01   1.8448E+00   2.2386E+00   2.9007E+00   2.7175E+02   6.2722E-08   6.2436E+01   6.7126E-01   8.2895E-01   3.3592E+00
-3.7977E-02   3.2444E-02  -1.2165E-01  -2.1227E+01   2.1148E+00   2.5605E+00   3.3209E+00   2.7165E+02   7.8064E-08   6.7612E+01   7.9949E-01   9.5219E-01   3.5910E+00
-3.6948E-02   3.3628E-02  -1.2008E-01  -3.3563E+01   2.3559E+00   2.5503E+00   3.4719E+00   2.7172E+02   7.9840E-08   6.4757E+01   8.8495E-01   9.6565E-01   3.6686E+00
-3.5857E-02   3.4757E-02  -1.1851E-01  -3.8720E+01   2.2453E+00   2.2211E+00   3.1582E+00   2.7179E+02   8.0671E-08   6.0905E+01   8.2292E-01   8.3743E-01   3.5028E+00
-3.4746E-02   3.5867E-02  -1.1693E-01  -4.0614E+01   2.3776E+00   2.3270E+00   3.3268E+00   2.7171E+02   9.3640E-08   6.4833E+01   8.8822E-01   8.7235E-01   3.5957E+00
-3.3617E-02   3.6957E-02  -1.1537E-01  -4.9513E+01   2.7085E+00   2.5023E+00   3.6875E+00   2.7170E+02   1.0428E-07   6.6276E+01   1.0350E+00   9.4802E-01   3.7809E+00
-3.2434E-02   3.7986E-02  -1.1380E-01  -5.9971E+01   2.6984E+00   2.1923E+00   3.4767E+00   2.7178E+02   9.7762E-08   6.2015E+01   1.0036E+00   8.4227E-01   3.6734E+00
-3.1214E-02   3.8973E-02  -1.1223E-01  -5.9291E+01   2.5432E+00   2.0109E+00   3.2422E+00   2.7175E+02   1.0427E-07   6.2750E+01   9.3904E-01   7.6003E-01   3.5513E+00
-2.9994E-02   3.9961E-02  -1.1066E-01  -6.3463E+01   3.1232E+00   2.4651E+00   3.9788E+00   2.7161E+02   1.3059E-07   7.0881E+01   1.2160E+00   9.3241E-01   3.9283E+00
-2.8726E-02   4.0882E-02  -1.0909E-01  -8.0938E+01   3.1939E+00   2.1428E+00   3.8461E+00   2.7174E+02   1.1308E-07   6.4631E+01   1.2142E+00   8.3465E-01   3.8616E+00
-2.7409E-02   4.1737E-02  -1.0752E-01  -7.7090E+01   2.6550E+00   1.6904E+00   3.1474E+00   2.7179E+02   1.1177E-07   6.0867E+01   9.8002E-01   6.3640E-01   3.4989E+00
-2.6093E-02   4.2592E-02  -1.0595E-01  -7.7847E+01   3.0340E+00   1.9237E+00   3.5924E+00   2.7168E+02   1.3412E-07   6.6773E+01   1.1537E+00   7.2035E-01   3.7347E+00
-2.4749E-02   4.3399E-02  -1.0438E-01  -9.0841E+01   3.2573E+00   1.8229E+00   3.7327E+00   2.7175E+02   1.3064E-07   6.4149E+01   1.2390E+00   7.0095E-01   3.8037E+00
-2.3364E-02   4.4135E-02  -1.0281E-01  -9.3097E+01   2.8763E+00   1.4451E+00   3.2189E+00   2.7181E+02   1.2285E-07   6.0179E+01   1.0640E+00   5.5395E-01   3.5362E+00
-2.1965E-02   4.4848E-02  -1.0124E-01  -9.0697E+01   2.9474E+00   1.4598E+00   3.2890E+00   2.7172E+02   1.3599E-07   6.4410E+01   1.1000E+00   5.4810E-01   3.5752E+00
-2.0555E-02   4.5535E-02  -9.9672E-02  -9.7205E+01   3.3121E+00   1.5221E+00   3.6451E+00   2.7170E+02   1.4740E-07   6.6030E+01   1.2603E+00   5.7415E-01   3.7591E+00
-1.9112E-02   4.6148E-02  -9.8103E-02  -1.0539E+02   3.0837E+00   1.1919E+00   3.3060E+00   2.7178E+02   1.2940E-07   6.1667E+01   1.1471E+00   4.6368E-01   3.5821E+00
-1.7647E-02   4.6710E-02  -9.6534E-02  -9.9556E+01   2.6943E+00   9.9706E-01   2.8728E+00   2.7174E+02   1.2807E-07   6.2611E+01   9.8520E-01   3.7800E-01   3.3429E+00
-1.6181E-02   4.7272E-02  -9.4964E-02  -9.9159E+01   3.4038E+00   1.2529E+00   3.6270E+00   2.7158E+02   1.5646E-07   7.1287E+01   1.2974E+00   4.5903E-01   3.7508E+00
-1.4690E-02   4.7757E-02  -9.3394E-02  -1.1356E+02   3.2526E+00   9.3415E-01   3.3841E+00   2.7174E+02   1.2586E-07   6.3933E+01   1.2194E+00   3.6141E-01   3.6223E+00
-1.3174E-02   4.8163E-02  -9.1824E-02  -1.0433E+02   2.3027E+00   5.9552E-01   2.3784E+00   2.7179E+02   1.1032E-07   5.9586E+01   8.2919E-01   2.2223E-01   3.0415E+00
-1.1658E-02   4.8569E-02  -9.0255E-02  -9.9682E+01   2.6867E+00   6.8390E-01   2.7724E+00   2.7166E+02   1.2568E-07   6.6254E+01   9.8620E-01   2.4561E-01   3.2810E+00
-1.0130E-02   4.8922E-02  -8.8686E-02  -1.0671E+02   2.7580E+00   5.5372E-01   2.8130E+00   2.7174E+02   1.1299E-07   6.2656E+01   1.0136E+00   2.0625E-01   3.3021E+00
-8.5850E-03   4.9194E-02  -8.7117E-02  -1.0336E+02   2.0292E+00   3.1603E-01   2.0537E+00   2.7183E+02   9.0518E-08   5.7770E+01   7.2412E-01   1.2127E-01   2.8246E+00
-7.0345E-03   4.9440E-02  -8.5547E-02  -9.5532E+01   1.8568E+00   2.7216E-01   1.8766E+00   2.7175E+02   8.7178E-08   6.0964E+01   6.5984E-01   9.8495E-02   2.7004E+00
-5.4812E-03   4.9658E-02  -8.3978E-02  -9.4404E+01   2.0278E+00   2.3814E-01   2.0417E+00   2.7176E+02   8.4494E-08   6.0573E+01   7.2661E-01   8.2729E-02   2.8131E+00
-3.9192E-03   4.9795E-02  -8.2409E-02  -9.4466E+01   1.4392E+00   9.4341E-02   1.4423E+00   2.7191E+02   5.7034E-08   5.3715E+01   5.0601E-01   3.5491E-02   2.3656E+00
-2.3515E-03   4.9877E-02  -8.0840E-02  -8.4528E+01   5.7422E-01   2.1160E-02   5.7461E-01   2.7191E+02   3.7923E-08   5.2622E+01   1.9768E-01   1.0338E-02   1.4947E+00
-7.8384E-04   4.9959E-02  -7.9270E-02  -7.6908E+01   1.0480E+00   2.5081E-02   1.0483E+00   2.7178E+02   3.9622E-08   5.8699E+01   3.6539E-01   9.4906E-03   2.0160E+00
 7.8384E-04   4.9959E-02  -7.7700E-02  -7.7413E+01   4.8206E-01   1.6070E-02   4.8233E-01   2.7209E+02   1.8391E-08   4.5247E+01   1.6623E-01  -4.3175E-03   1.3656E+00
 2.3515E-03   4.9877E-02  -7.6130E-02  -6.7825E+01  -6.1927E-01   1.9470E-02   6.1958E-01   2.7214E+02   9.0440E-09   4.2945E+01  -2.1342E-01   1.1162E-02   1.5515E+00
 3.9192E-03   4.9795E-02  -7.4560E-02  -5.9784E+01  -4.2617E-01   2.9502E-03   4.2618E-01   2.7205E+02   8.7275E-09   4.6922E+01  -1.4622E-01   1.0256E-02   1.2844E+00
 5.4812E-03   4.9658E-02  -7.2991E-02  -5.5794E+01  -5.4237E-01   7.3983E-02   5.4739E-01   2.7229E+02   5.0474E-09   3.6700E+01  -1.8813E-01   2.1420E-02   1.4553E+00
 7.0345E-03   4.9440E-02  -7.1422E-02  -5.1395E+01  -7.8736E-01   1.2510E-01   7.9723E-01   2.7227E+02   2.7364E-08   3.7596E+01  -2.7328E-01   4.0793E-02   1.7587E+00
 8.5850E-03   4.9194E-02  -6.9853E-02  -4.7540E+01  -7.7397E-01   1.1450E-01   7.8239E-01   2.7228E+02   1.9228E-08   3.6975E+01  -2.6734E-01   4.4772E-02   1.7421E+00
 1.0130E-02   4.8922E-02  -6.8284E-02  -4.4960E+01  -6.6398E-01   1.2060E-01   6.7484E-01   2.7228E+02   2.0224E-08   3.6975E+01  -2.2923E-01   4.6643E-02   1.6159E+00
 1.1658E-02   4.8569E-02  -6.6715E-02  -4.3316E+01  -5.5793E-01   1.4912E-01   5.7751E-01   2.7232E+02   5.2657E-09   3.5431E+01  -1.9368E-01   4.8236E-02   1.4959E+00
 1.3174E-02   4.8163E-02  -6.5145E-02  -4.2156E+01  -4.9065E-01   1.2849E-01   5.0720E-01   2.7226E+02   5.0381E-09   3.8014E+01  -1.6878E-01   4.5233E-02   1.4036E+00
 1.4690E-02   4.7757E-02  -6.3575E-02  -4.1386E+01  -4.3967E-01   1.0990E-01   4.5320E-01   2.7223E+02   4.5698E-09   3.9188E+01  -1.4992E-01   4.4435E-02   1.3240E+00
 1.6181E-02   4.7272E-02  -6.2006E-02  -4.0641E+01  -3.6323E-01   1.4044E-01   3.8943E-01   2.7227E+02   3.4217E-09   3.7451E+01  -1.2664E-01   4.4809E-02   1.2276E+00
 1.7647E-02   4.6710E-02  -6.0436E-02  -4.0210E+01  -2.8061E-01   1.0511E-01   2.9965E-01   2.7240E+02   1.2116E-09   3.1932E+01  -9.6157E-02   3.6893E-02   1.0786E+00
 1.9112E-02   4.6148E-02  -5.8866E-02  -4.0012E+01  -2.4888E-01   9.2339E-02   2.6546E-01   2.7248E+02   7.6260E-10   2.8321E+01  -8.4726E-02   3.4246E-02   1.0138E+00
 2.0555E-02   4.5535E-02  -5.7297E-02  -3.9677E+01  -2.2741E-01   1.0534E-01   2.5062E-01   2.7252E+02   5.6337E-10   2.6651E+01  -7.8662E-02   3.5835E-02   9.8450E-01
 2.1965E-02   4.4848E-02  -5.5729E-02  -3.9406E+01  -1.8205E-01   9.1768E-02   2.0387E-01   2.7257E+02   3.9497E-10   2.4514E+01  -6.2757E-02   3.1271E-02   8.8900E-01
 2.3364E-02   4.4135E-02  -5.4159E-02  -3.9291E+01  -1.5472E-01   7.7210E-02   1.7291E-01   2.7262E+02   2.9884E-10   2.2588E+01  -5.2734E-02   2.7455E-02   8.1862E-01
 2.4749E-02   4.3399E-02  -5.2590E-02  -3.9166E+01  -1.4866E-01   8.1413E-02   1.6949E-01   2.7264E+02   2.4158E-10   2.1779E+01  -5.0855E-02   2.8769E-02   8.0945E-01
 2.6093E-02   4.2592E-02  -5.1022E-02  -3.8957E+01  -1.2122E-01   7.8157E-02   1.4423E-01   2.7265E+02   1.8573E-10   2.1047E+01  -4.2104E-02   2.6290E-02   7.4724E-01
 2.7409E-02   4.1737E-02  -4.9452E-02  -3.8889E+01  -8.8351E-02   5.6307E-02   1.0477E-01   2.7269E+02   1.3490E-10   1.9494E+01  -3.0174E-02   1.9594E-02   6.3753E-01
 2.8726E-02   4.0882E-02  -4.7882E-02  -3.8894E+01  -8.8812E-02   5.6901E-02   1.0548E-01   2.7270E+02   1.1815E-10   1.8950E+01  -2.9935E-02   2.0577E-02   6.3845E-01
 2.9994E-02   3.9961E-02  -4.6313E-02  -3.8758E+01  -7.4458E-02   5.9786E-02   9.5490E-02   2.7270E+02   1.0335E-10   1.9127E+01  -2.6103E-02   2.0015E-02   6.0756E-01
 3.1214E-02   3.8973E-02  -4.4743E-02  -3.8752E+01  -4.6497E-02   3.6822E-02   5.9311E-02   2.7273E+02   7.4650E-11   1.7665E+01  -1.5830E-02   1.2812E-02   4.7965E-01
 3.2434E-02   3.7986E-02  -4.3174E-02  -3.8793E+01  -4.4804E-02   3.5931E-02   5.7432E-02   2.7275E+02   7.0347E-11   1.7084E+01  -1.5135E-02   1.2702E-02   4.7144E-01
 3.3617E-02   3.6957E-02  -4.1605E-02  -3.8781E+01  -4.2839E-02   3.9738E-02   5.8432E-02   2.7274E+02   7.0642E-11   1.7356E+01  -1.4849E-02   1.3602E-02   4.7522E-01
 3.4746E-02   3.5867E-02  -4.0035E-02  -3.8796E+01  -2.9918E-02   2.9432E-02   4.1968E-02   2.7275E+02   6.2484E-11   1.6846E+01  -1.0292E-02   1.0109E-02   4.0325E-01
 3.5857E-02   3.4757E-02  -3.8464E-02  -3.8868E+01  -2.7696E-02   2.7582E-02   3.9087E-02   2.7276E+02   6.6755E-11   1.6472E+01  -9.4169E-03   9.5831E-03   3.8915E-01
 3.6948E-02   3.3628E-02  -3.6894E-02  -3.8933E+01  -4.0140E-02   4.4035E-02   5.9584E-02   2.7274E+02   8.8987E-11   1.7271E+01  -1.3874E-02   1.5139E-02   4.7988E-01
 3.7977E-02   3.2444E-02  -3.5324E-02  -3.8921E+01  -3.8803E-02   4.7745E-02   6.1525E-02   2.7272E+02   1.0444E-10   1.8258E+01  -1.3611E-02   1.6211E-02   4.8799E-01
 3.8966E-02   3.1223E-02  -3.3753E-02  -3.9001E+01  -3.2402E-02   3.9506E-02   5.1094E-02   2.7272E+02   1.1755E-10   1.8305E+01  -1.1040E-02   1.3633E-02   4.4520E-01
 3.9955E-02   3.0002E-02  -3.2182E-02  -3.9157E+01  -5.9654E-02   7.6627E-02   9.7110E-02   2.7269E+02   1.8033E-10   1.9631E+01  -2.0365E-02   2.6546E-02   6.1277E-01
 4.0877E-02   2.8733E-02  -3.0612E-02  -3.9045E+01  -6.7576E-02   1.0449E-01   1.2443E-01   2.7263E+02   2.4689E-10   2.2314E+01  -2.4284E-02   3.5311E-02   6.9357E-01
 4.1732E-02   2.7416E-02  -2.9042E-02  -3.9092E+01  -5.8728E-02   8.9980E-02   1.0745E-01   2.7262E+02   2.6039E-10   2.2505E+01  -2.0098E-02   3.0937E-02   6.4571E-01
 4.2587E-02   2.6100E-02  -2.7472E-02  -3.9211E+01  -7.9840E-02   1.2481E-01   1.4816E-01   2.7259E+02   3.3998E-10   2.3832E+01  -2.7010E-02   4.3243E-02   7.5745E-01
 4.3395E-02   2.4756E-02  -2.5902E-02  -3.9107E+01  -9.1604E-02   1.6754E-01   1.9095E-01   2.7253E+02   4.3748E-10   2.6505E+01  -3.2415E-02   5.7282E-02   8.5930E-01
 4.4132E-02   2.3370E-02  -2.4333E-02  -3.8991E+01  -8.5202E-02   1.6698E-01   1.8746E-01   2.7250E+02   4.7153E-10   2.7721E+01  -2.9769E-02   5.7161E-02   8.5256E-01
 4.4845E-02   2.1970E-02  -2.2762E-02  -3.8999E+01  -9.0980E-02   1.7814E-01   2.0003E-01   2.7248E+02   5.1360E-10   2.8544E+01  -3.0678E-02   6.1549E-02   8.8069E-01
 4.5533E-02   2.0559E-02  -2.1192E-02  -3.8914E+01  -1.0319E-01   2.2507E-01   2.4760E-01   2.7243E+02   5.9644E-10   3.0831E+01  -3.5400E-02   7.7686E-02   9.7869E-01
 4.6146E-02   1.9115E-02  -1.9622E-02  -3.8583E+01  -9.1423E-02   2.3845E-01   2.5537E-01   2.7237E+02   6.3158E-10   3.3227E+01  -3.2945E-02   8.1489E-02   9.9468E-01
 4.6709E-02   1.7649E-02  -1.8051E-02  -3.8438E+01  -8.3939E-02   2.1543E-01   2.3120E-01   2.7236E+02   6.1299E-10   3.3578E+01  -2.8447E-02   7.4131E-02   9.4753E-01
 4.7272E-02   1.6183E-02  -1.6481E-02  -3.8376E+01  -9.4874E-02   2.5103E-01   2.6836E-01   2.7232E+02   6.9399E-10   3.5464E+01  -3.0850E-02   8.7176E-02   1.0191E+00
 4.7756E-02   1.4691E-02  -1.4911E-02  -3.7904E+01  -7.3718E-02   2.7569E-01   2.8537E-01   2.7223E+02   7.7973E-10   3.9304E+01  -2.7941E-02   9.4260E-02   1.0510E+00
 4.8163E-02   1.3175E-02  -1.3340E-02  -3.7648E+01  -6.3222E-02   2.3137E-01   2.3985E-01   2.7222E+02   7.1257E-10   3.9246E+01  -2.1318E-02   7.9539E-02   9.6528E-01
 4.8569E-02   1.1658E-02  -1.1770E-02  -3.7470E+01  -6.2553E-02   2.3098E-01   2.3930E-01   2.7219E+02   8.1188E-10   4.0907E+01  -1.9892E-02   7.9865E-02   9.6311E-01
 4.8922E-02   1.0130E-02  -1.0201E-02  -3.7135E+01  -4.5610E-02   2.3396E-01   2.3837E-01   2.7211E+02   9.9061E-10   4.4241E+01  -1.6372E-02   8.0454E-02   9.6069E-01
 4.9194E-02   8.5852E-03  -8.6323E-03  -3.6843E+01  -3.2817E-02   2.0271E-01   2.0535E-01   2.7205E+02   1.7509E-09   4.6873E+01  -1.1648E-02   6.9549E-02   8.9290E-01
 4.9440E-02   7.0346E-03  -7.0624E-03  -3.6647E+01  -2.8157E-02   1.6888E-01   1.7121E-01   2.7203E+02   1.6246E-09   4.7483E+01  -8.6762E-03   5.8123E-02   8.1527E-01
 4.9658E-02   5.4812E-03  -5.4935E-03  -3.6456E+01  -1.9054E-02   1.4419E-01   1.4544E-01   2.7200E+02   1.5799E-09   4.9097E+01  -5.6602E-03   4.9712E-02   7.5050E-01
 4.9795E-02   3.9192E-03  -3.9246E-03  -3.6275E+01  -6.4412E-03   1.0581E-01   1.0601E-01   2.7198E+02   1.4965E-09   4.9737E+01  -2.5472E-03   3.6315E-02   6.4126E-01
 4.9877E-02   2.3515E-03  -2.3548E-03  -3.6179E+01  -4.2538E-03   5.9661E-02   5.9813E-02   2.7199E+02   1.5599E-09   4.9080E+01  -1.0702E-03   2.0462E-02   4.8216E-01
 4.9959E-02   7.8385E-04  -7.8492E-04  -3.6133E+01  -3.4809E-03   2.1171E-02   2.1455E-02   2.7182E+02   1.9733E-08   5.6504E+01  -1.8960E-04   7.2998E-03   2.8704E-01
 4.9959E-02  -7.8385E-04   7.8492E-04  -3.6142E+01  -3.7423E-03  -2.6123E-02   2.6390E-02   2.7182E+02   1.9616E-08   5.6466E+01  -2.3382E-04  -9.0023E-03   3.1876E-01
 4.9877E-02  -2.3515E-03   2.3548E-03  -3.6203E+01  -4.5175E-03  -6.4665E-02   6.4823E-02   2.7199E+02   1.5509E-09   4.9069E+01  -1.1599E-03  -2.2178E-02   5.0195E-01
 4.9795E-02  -3.9192E-03   3.9246E-03  -3.6314E+01  -6.6974E-03  -1.1089E-01   1.1109E-01   2.7198E+02   1.4935E-09   4.9702E+01  -2.6695E-03  -3.8058E-02   6.5646E-01
 4.9658E-02  -5.4812E-03   5.4935E-03  -3.6511E+01  -1.9622E-02  -1.4909E-01   1.5038E-01   2.7200E+02   1.5874E-09   4.9051E+01  -5.8526E-03  -5.1402E-02   7.6313E-01
 4.9440E-02  -7.0346E-03   7.0624E-03  -3.6716E+01  -2.8877E-02  -1.7339E-01   1.7578E-01   2.7203E+02   1.6373E-09   4.7438E+01  -8.9081E-03  -5.9677E-02   8.2608E-01
 4.9194E-02  -8.5852E-03   8.6323E-03  -3.6926E+01  -3.3511E-02  -2.0702E-01   2.0971E-01   2.7205E+02   1.7656E-09   4.6832E+01  -1.1896E-02  -7.1031E-02   9.0234E-01
 4.8922E-02  -1.0130E-02   1.0201E-02  -3.7231E+01  -4.6398E-02  -2.3813E-01   2.4261E-01   2.7211E+02   9.9688E-10   4.4214E+01  -1.6664E-02  -8.1890E-02   9.6921E-01
 4.8569E-02  -1.1658E-02   1.1770E-02  -3.7578E+01  -6.3542E-02  -2.3465E-01   2.4310E-01   2.7219E+02   8.1874E-10   4.0884E+01  -2.0208E-02  -8.1137E-02   9.7073E-01
 4.8163E-02  -1.3175E-02   1.3340E-02  -3.7766E+01  -6.4138E-02  -2.3460E-01   2.4321E-01   2.7223E+02   7.1767E-10   3.9215E+01  -2.1618E-02  -8.0656E-02   9.7202E-01
 4.7756E-02  -1.4691E-02   1.4911E-02  -3.8032E+01  -7.4502E-02  -2.7863E-01   2.8842E-01   2.7223E+02   7.8150E-10   3.9258E+01  -2.8240E-02  -9.5269E-02   1.0566E+00
 4.7272E-02  -1.6183E-02   1.6481E-02  -3.8511E+01  -9.5741E-02  -2.5331E-01   2.7080E-01   2.7232E+02   6.9444E-10   3.5416E+01  -3.1130E-02  -8.7968E-02   1.0237E+00
 4.6709E-02  -1.7649E-02   1.8051E-02  -3.8579E+01  -8.4610E-02  -2.1702E-01   2.3293E-01   2.7236E+02   6.1260E-10   3.3519E+01  -2.8660E-02  -7.4685E-02   9.5106E-01
 4.6146E-02  -1.9115E-02   1.9622E-02  -3.8728E+01  -9.1858E-02  -2.3955E-01   2.5656E-01   2.7237E+02   6.3039E-10   3.3161E+01  -3.3098E-02  -8.1868E-02   9.9699E-01
 4.5533E-02  -2.0559E-02   2.1192E-02  -3.9062E+01  -1.0343E-01  -2.2561E-01   2.4819E-01   2.7243E+02   5.9461E-10   3.0771E+01  -3.5486E-02  -7.7873E-02   9.7986E-01
 4.4845E-02  -2.1970E-02   2.2762E-02  -3.9149E+01  -9.0974E-02  -1.7812E-01   2.0001E-01   2.7248E+02   5.1093E-10   2.8489E+01  -3.0675E-02  -6.1543E-02   8.8064E-01
 4.4132E-02  -2.3370E-02   2.4333E-02  -3.9141E+01  -8.4899E-02  -1.6641E-01   1.8681E-01   2.7250E+02   4.6754E-10   2.7666E+01  -2.9666E-02  -5.6963E-02   8.5108E-01
 4.3395E-02  -2.4756E-02   2.5902E-02  -3.9256E+01  -9.0974E-02  -1.6647E-01   1.8971E-01   2.7253E+02   4.3234E-10   2.6454E+01  -3.2203E-02  -5.6908E-02   8.5649E-01
 4.2587E-02  -2.6100E-02   2.7472E-02  -3.9358E+01  -7.8939E-02  -1.2352E-01   1.4659E-01   2.7259E+02   3.3462E-10   2.3787E+01  -2.6724E-02  -4.2784E-02   7.5342E-01
 4.1732E-02  -2.7416E-02   2.9042E-02  -3.9240E+01  -5.7667E-02  -8.8450E-02   1.0559E-01   2.7262E+02   2.5456E-10   2.2464E+01  -1.9750E-02  -3.0401E-02   6.4009E-01
 4.0877E-02  -2.8733E-02   3.0612E-02  -3.9190E+01  -6.6212E-02  -1.0244E-01   1.2198E-01   2.7263E+02   2.4020E-10   2.2277E+01  -2.3803E-02  -3.4612E-02   6.8668E-01
 3.9955E-02  -3.0002E-02   3.2182E-02  -3.9299E+01  -5.8112E-02  -7.4819E-02   9.4736E-02   2.7269E+02   1.7451E-10   1.9598E+01  -1.9867E-02  -2.5897E-02   6.0523E-01
 3.8966E-02  -3.1223E-02   3.3753E-02  -3.9145E+01  -3.1040E-02  -3.7906E-02   4.8993E-02   2.7272E+02   1.1229E-10   1.8274E+01  -1.0586E-02  -1.3073E-02   4.3595E-01
 3.7977E-02  -3.2444E-02   3.5324E-02  -3.9064E+01  -3.7332E-02  -4.5946E-02   5.9201E-02   2.7272E+02   9.9210E-11   1.8233E+01  -1.3097E-02  -1.5598E-02   4.7868E-01
 3.6948E-02  -3.3628E-02   3.6894E-02  -3.9075E+01  -3.8630E-02  -4.2432E-02   5.7383E-02   2.7274E+02   8.4264E-11   1.7247E+01  -1.3361E-02  -1.4580E-02   4.7093E-01
 3.5857E-02  -3.4757E-02   3.8464E-02  -3.9012E+01  -2.6525E-02  -2.6431E-02   3.7445E-02   2.7276E+02   6.2740E-11   1.6442E+01  -9.0213E-03  -9.1805E-03   3.8089E-01
 3.4746E-02  -3.5867E-02   4.0035E-02  -3.8943E+01  -2.8927E-02  -2.8417E-02   4.0550E-02   2.7275E+02   5.8677E-11   1.6819E+01  -9.9446E-03  -9.7669E-03   3.9638E-01
 3.3617E-02  -3.6957E-02   4.1605E-02  -3.8930E+01  -4.1910E-02  -3.8821E-02   5.7128E-02   2.7274E+02   6.6774E-11   1.7334E+01  -1.4518E-02  -1.3298E-02   4.6989E-01
 3.2434E-02  -3.7986E-02   4.3174E-02  -3.8945E+01  -4.4301E-02  -3.5506E-02   5.6774E-02   2.7275E+02   6.6908E-11   1.7060E+01  -1.4961E-02  -1.2556E-02   4.6872E-01
 3.1214E-02  -3.8973E-02   4.4743E-02  -3.8909E+01  -4.6508E-02  -3.6791E-02   5.9301E-02   2.7273E+02   7.1501E-11   1.7637E+01  -1.5827E-02  -1.2810E-02   4.7960E-01
 2.9994E-02  -3.9961E-02   4.6313E-02  -3.8921E+01  -7.4612E-02  -5.9840E-02   9.5644E-02   2.7270E+02   9.9862E-11   1.9099E+01  -2.6145E-02  -2.0047E-02   6.0805E-01
 2.8726E-02  -4.0882E-02   4.7882E-02  -3.9062E+01  -8.9438E-02  -5.7297E-02   1.0622E-01   2.7270E+02   1.1515E-10   1.8929E+01  -3.0145E-02  -2.0722E-02   6.4068E-01
 2.7409E-02  -4.1737E-02   4.9452E-02  -3.9065E+01  -8.9580E-02  -5.7075E-02   1.0622E-01   2.7269E+02   1.3228E-10   1.9469E+01  -3.0591E-02  -1.9865E-02   6.4192E-01
 2.6093E-02  -4.2592E-02   5.1022E-02  -3.9141E+01  -1.2261E-01  -7.9039E-02   1.4588E-01   2.7266E+02   1.8261E-10   2.1018E+01  -4.2586E-02  -2.6591E-02   7.5150E-01
 2.4749E-02  -4.3399E-02   5.2590E-02  -3.9358E+01  -1.5032E-01  -8.2343E-02   1.7140E-01   2.7264E+02   2.3846E-10   2.1759E+01  -5.1429E-02  -2.9094E-02   8.1399E-01
 2.3364E-02  -4.4135E-02   5.4159E-02  -3.9492E+01  -1.5667E-01  -7.8211E-02   1.7511E-01   2.7262E+02   2.9643E-10   2.2578E+01  -5.3405E-02  -2.7805E-02   8.2380E-01
 2.1965E-02  -4.4848E-02   5.5729E-02  -3.9615E+01  -1.8403E-01  -9.2788E-02   2.0610E-01   2.7257E+02   3.9322E-10   2.4513E+01  -6.3443E-02  -3.1613E-02   8.9384E-01
 2.0555E-02  -4.5535E-02   5.7297E-02  -3.9894E+01  -2.2930E-01  -1.0625E-01   2.5272E-01   2.7252E+02   5.6118E-10   2.6658E+01  -7.9320E-02  -3.6135E-02   9.8860E-01
 1.9112E-02  -4.6148E-02   5.8866E-02  -4.0237E+01  -2.5060E-01  -9.3027E-02   2.6731E-01   2.7248E+02   7.6254E-10   2.8338E+01  -8.5318E-02  -3.4486E-02   1.0174E+00
 1.7647E-02  -4.6710E-02   6.0436E-02  -4.0439E+01  -2.8189E-01  -1.0563E-01   3.0103E-01   2.7240E+02   1.2172E-09   3.1959E+01  -9.6602E-02  -3.7064E-02   1.0811E+00
 1.6181E-02  -4.7272E-02   6.2006E-02  -4.0874E+01  -3.6370E-01  -1.4071E-01   3.8997E-01   2.7227E+02   3.4308E-09   3.7478E+01  -1.2682E-01  -4.4871E-02   1.2285E+00
 1.4690E-02  -4.7757E-02   6.3575E-02  -4.1617E+01  -4.3882E-01  -1.0972E-01   4.5233E-01   2.7223E+02   4.5664E-09   3.9190E+01  -1.4963E-01  -4.4349E-02   1.3228E+00
 1.3174E-02  -4.8163E-02   6.5145E-02  -4.2379E+01  -4.8803E-01  -1.2785E-01   5.0450E-01   2.7226E+02   5.0221E-09   3.7993E+01  -1.6787E-01  -4.4991E-02   1.3999E+00
 1.1658E-02  -4.8569E-02   6.6715E-02  -4.3522E+01  -5.5359E-01  -1.4798E-01   5.7303E-01   2.7232E+02   5.2311E-09   3.5392E+01  -1.9217E-01  -4.7858E-02   1.4901E+00
 1.0130E-02  -4.8922E-02   6.8284E-02  -4.5144E+01  -6.5889E-01  -1.1953E-01   6.6964E-01   2.7228E+02   2.0478E-08   3.7003E+01  -2.2744E-01  -4.6279E-02   1.6097E+00
 8.5850E-03  -4.9194E-02   6.9853E-02  -4.7703E+01  -7.6934E-01  -1.1370E-01   7.7770E-01   2.7228E+02   1.9192E-08   3.6952E+01  -2.6571E-01  -4.4500E-02   1.7369E+00
 7.0345E-03  -4.9440E-02   7.1422E-02  -5.1541E+01  -7.8354E-01  -1.2444E-01   7.9336E-01   2.7227E+02   2.7329E-08   3.7563E+01  -2.7194E-01  -4.0592E-02   1.7545E+00
 5.4812E-03  -4.9658E-02   7.2991E-02  -5.5928E+01  -5.3962E-01  -7.3623E-02   5.4462E-01   2.7229E+02   5.0244E-09   3.6655E+01  -1.8717E-01  -2.1311E-02   1.4516E+00
 3.9192E-03  -4.9795E-02   7.4560E-02  -5.9905E+01  -4.2389E-01  -2.7982E-03   4.2390E-01   2.7205E+02   8.7180E-09   4.6871E+01  -1.4543E-01  -1.0201E-02   1.2810E+00
 2.3515E-03  -4.9877E-02   7.6130E-02  -6.7932E+01  -6.1721E-01  -1.9356E-02   6.1752E-01   2.7214E+02   9.0400E-09   4.2896E+01  -2.1270E-01  -1.1124E-02   1.5489E+00
 7.8384E-04  -4.9959E-02   7.7700E-02  -7.7507E+01   4.8369E-01  -1.5976E-02   4.8396E-01   2.7209E+02   1.8408E-08   4.5199E+01   1.6679E-01   4.3322E-03   1.3680E+00
-7.8384E-04  -4.9959E-02   7.9270E-02  -7.6996E+01   1.0489E+00  -2.5117E-02   1.0492E+00   2.7178E+02   3.9630E-08   5.8628E+01   3.6571E-01  -9.4989E-03   2.0168E+00
-2.3515E-03  -4.9877E-02   8.0840E-02  -8.4607E+01   5.7530E-01  -2.1208E-02   5.7569E-01   2.7191E+02   3.7935E-08   5.2556E+01   1.9805E-01  -1.0358E-02   1.4961E+00
-3.9192E-03  -4.9795E-02   8.2409E-02  -9.4535E+01   1.4400E+00  -9.4389E-02   1.4431E+00   2.7191E+02   5.7039E-08   5.3649E+01   5.0629E-01  -3.5511E-02   2.3663E+00
-5.4812E-03  -4.9658E-02   8.3978E-02  -9.4468E+01   2.0283E+00  -2.3820E-01   2.0422E+00   2.7177E+02   8.4490E-08   6.0495E+01   7.2681E-01  -8.2752E-02   2.8134E+00
-7.0345E-03  -4.9440E-02   8.5547E-02  -9.5589E+01   1.8573E+00  -2.7225E-01   1.8771E+00   2.7175E+02   8.7175E-08   6.0883E+01   6.6004E-01  -9.8525E-02   2.7008E+00
-8.5850E-03  -4.9194E-02   8.7117E-02  -1.0341E+02   2.0297E+00  -3.1611E-01   2.0542E+00   2.7183E+02   9.0514E-08   5.7693E+01   7.2431E-01  -1.2130E-01   2.8249E+00
-1.0130E-02  -4.8922E-02   8.8686E-02  -1.0675E+02   2.7582E+00  -5.5378E-01   2.8133E+00   2.7174E+02   1.1298E-07   6.2568E+01   1.0137E+00  -2.0627E-01   3.3022E+00
-1.1658E-02  -4.8569E-02   9.0255E-02  -9.9722E+01   2.6869E+00  -6.8396E-01   2.7726E+00   2.7166E+02   1.2566E-07   6.6157E+01   9.8629E-01  -2.4563E-01   3.2811E+00
-1.3174E-02  -4.8163E-02   9.1824E-02  -1.0436E+02   2.3029E+00  -5.9560E-01   2.3787E+00   2.7179E+02   1.1030E-07   5.9496E+01   8.2931E-01  -2.2226E-01   3.0417E+00
-1.4690E-02  -4.7757E-02   9.3394E-02  -1.1359E+02   3.2526E+00  -9.3416E-01   3.3841E+00   2.7174E+02   1.2584E-07   6.3832E+01   1.2194E+00  -3.6141E-01   3.6223E+00
-1.6181E-02  -4.7272E-02   9.4964E-02  -9.9185E+01   3.4037E+00  -1.2529E+00   3.6270E+00   2.7159E+02   1.5642E-07   7.1169E+01   1.2974E+00  -4.5902E-01   3.7508E+00
-1.7647E-02  -4.6710E-02   9.6534E-02  -9.9577E+01   2.6943E+00  -9.9709E-01   2.8729E+00   2.7174E+02   1.2804E-07   6.2503E+01   9.8523E-01  -3.7801E-01   3.3430E+00
-1.9112E-02  -4.6148E-02   9.8103E-02  -1.0541E+02   3.0836E+00  -1.1919E+00   3.3060E+00   2.7178E+02   1.2936E-07   6.1556E+01   1.1471E+00  -4.6367E-01   3.5820E+00
-2.0555E-02  -4.5535E-02   9.9672E-02  -9.7219E+01   3.3120E+00  -1.5220E+00   3.6449E+00   2.7170E+02   1.4736E-07   6.5906E+01   1.2603E+00  -5.7413E-01   3.7590E+00
-2.1965E-02  -4.4848E-02   1.0124E-01  -9.0709E+01   2.9472E+00  -1.4597E+00   3.2889E+00   2.7172E+02   1.3595E-07   6.4283E+01   1.0999E+00  -5.4808E-01   3.5751E+00
-2.3364E-02  -4.4135E-02   1.0281E-01  -9.3104E+01   2.8761E+00  -1.4450E+00   3.2187E+00   2.7181E+02   1.2281E-07   6.0055E+01   1.0639E+00  -5.5392E-01   3.5361E+00
-2.4749E-02  -4.3399E-02   1.0438E-01  -9.0845E+01   3.2570E+00  -1.8227E+00   3.7324E+00   2.7175E+02   1.3060E-07   6.4009E+01   1.2390E+00  -7.0089E-01   3.8035E+00
-2.6093E-02  -4.2592E-02   1.0595E-01  -7.7852E+01   3.0337E+00  -1.9236E+00   3.5922E+00   2.7168E+02   1.3408E-07   6.6620E+01   1.1536E+00  -7.2030E-01   3.7346E+00
-2.7409E-02  -4.1737E-02   1.0752E-01  -7.7092E+01   2.6548E+00  -1.6903E+00   3.1472E+00   2.7179E+02   1.1173E-07   6.0720E+01   9.7995E-01  -6.3636E-01   3.4987E+00
-2.8726E-02  -4.0882E-02   1.0909E-01  -8.0935E+01   3.1936E+00  -2.1426E+00   3.8457E+00   2.7174E+02   1.1303E-07   6.4466E+01   1.2141E+00  -8.3456E-01   3.8614E+00
-2.9994E-02  -3.9961E-02   1.1066E-01  -6.3462E+01   3.1229E+00  -2.4648E+00   3.9784E+00   2.7161E+02   1.3054E-07   7.0690E+01   1.2159E+00  -9.3231E-01   3.9281E+00
-3.1214E-02  -3.8973E-02   1.1223E-01  -5.9288E+01   2.5430E+00  -2.0108E+00   3.2419E+00   2.7176E+02   1.0423E-07   6.2573E+01   9.3896E-01  -7.5997E-01   3.5511E+00
-3.2434E-02  -3.7986E-02   1.1380E-01  -5.9965E+01   2.6981E+00  -2.1921E+00   3.4764E+00   2.7178E+02   9.7723E-08   6.1830E+01   1.0035E+00  -8.4218E-01   3.6732E+00
-3.3617E-02  -3.6957E-02   1.1537E-01  -4.9508E+01   2.7082E+00  -2.5020E+00   3.6871E+00   2.7170E+02   1.0423E-07   6.6066E+01   1.0348E+00  -9.4791E-01   3.7806E+00
-3.4746E-02  -3.5867E-02   1.1693E-01  -4.0610E+01   2.3774E+00  -2.3267E+00   3.3265E+00   2.7172E+02   9.3599E-08   6.4615E+01   8.8813E-01  -8.7226E-01   3.5955E+00
-3.5857E-02  -3.4757E-02   1.1851E-01  -3.8713E+01   2.2450E+00  -2.2209E+00   3.1579E+00   2.7180E+02   8.0634E-08   6.0688E+01   8.2283E-01  -8.3735E-01   3.5026E+00
-3.6948E-02  -3.3628E-02   1.2008E-01  -3.3555E+01   2.3556E+00  -2.5500E+00   3.4715E+00   2.7173E+02   7.9801E-08   6.4509E+01   8.8484E-01  -9.6553E-01   3.6683E+00
-3.7977E-02  -3.2444E-02   1.2165E-01  -2.1221E+01   2.1145E+00  -2.5602E+00   3.3205E+00   2.7166E+02   7.8024E-08   6.7334E+01   7.9939E-01  -9.5207E-01   3.5907E+00
-3.8966E-02  -3.1223E-02   1.2322E-01  -1.7384E+01   1.8445E+00  -2.2383E+00   2.9004E+00   2.7175E+02   6.2689E-08   6.2160E+01   6.7118E-01  -8.2886E-01   3.3589E+00
-3.9955E-02  -3.0002E-02   1.2479E-01  -1.6532E+01   2.0203E+00  -2.5722E+00   3.2707E+00   2.7171E+02   5.8317E-08   6.5074E+01   7.4471E-01  -9.7074E-01   3.5612E+00
-4.0877E-02  -2.8733E-02   1.2636E-01  -2.8872E+00   1.8415E+00  -2.7699E+00   3.3262E+00   2.7157E+02   6.3063E-08   7.1225E+01   7.0633E-01  -1.0271E+00   3.5919E+00
-4.1732E-02  -2.7416E-02   1.2793E-01   2.5811E+00   1.5099E+00  -2.2743E+00   2.7299E+00   2.7170E+02   4.9182E-08   6.4093E+01   5.4334E-01  -8.3638E-01   3.2589E+00
-4.2587E-02  -2.6100E-02   1.2950E-01   5.1370E+00   1.5012E+00  -2.3273E+00   2.7694E+00   2.7173E+02   4.3285E-08   6.3274E+01   5.3781E-01  -8.6102E-01   3.2788E+00
-4.3395E-02  -2.4756E-02   1.3107E-01   1.3434E+01   1.3873E+00  -2.4864E+00   2.8472E+00   2.7163E+02   4.2903E-08   6.7581E+01   5.1612E-01  -9.1207E-01   3.3226E+00
-4.4132E-02  -2.3370E-02   1.3264E-01   2.0629E+01   1.1709E+00  -2.2455E+00   2.5325E+00   2.7165E+02   3.6601E-08   6.6296E+01   4.2475E-01  -8.1557E-01   3.1375E+00
-4.4845E-02  -2.1970E-02   1.3421E-01   2.4142E+01   1.0527E+00  -2.0448E+00   2.2998E+00   2.7173E+02   2.9445E-08   6.2259E+01   3.6961E-01  -7.4154E-01   2.9894E+00
-4.5533E-02  -2.0559E-02   1.3578E-01   2.8941E+01   9.9555E-01  -2.1658E+00   2.3837E+00   2.7167E+02   2.6348E-08   6.5389E+01   3.5790E-01  -7.8542E-01   3.0400E+00
-4.6146E-02  -1.9115E-02   1.3735E-01   3.6480E+01   8.1782E-01  -2.0786E+00   2.2337E+00   2.7159E+02   2.3722E-08   6.8471E+01   3.0115E-01  -7.4489E-01   2.9453E+00
-4.6709E-02  -1.7649E-02   1.3892E-01   4.0303E+01   6.9049E-01  -1.7541E+00   1.8851E+00   2.7168E+02   1.8245E-08   6.3838E+01   2.3987E-01  -6.2508E-01   2.7083E+00
-4.7272E-02  -1.6183E-02   1.4049E-01   4.2838E+01   6.6242E-01  -1.7908E+00   1.9094E+00   2.7167E+02   1.5415E-08   6.4719E+01   2.2709E-01  -6.4171E-01   2.7211E+00
-4.7756E-02  -1.4691E-02   1.4206E-01   4.9348E+01   4.9843E-01  -1.7966E+00   1.8645E+00   2.7153E+02   1.4853E-08   7.0500E+01   1.8857E-01  -6.3615E-01   2.6893E+00
-4.8163E-02  -1.3175E-02   1.4363E-01   5.2914E+01   3.9466E-01  -1.4217E+00   1.4755E+00   2.7165E+02   1.0627E-08   6.4555E+01   1.3409E-01  -5.0029E-01   2.3961E+00
-4.8569E-02  -1.1658E-02   1.4520E-01   5.5390E+01   3.4545E-01  -1.2917E+00   1.3371E+00   2.7170E+02   7.9229E-09   6.2604E+01   1.1326E-01  -4.5476E-01   2.2783E+00
-4.8922E-02  -1.0130E-02   1.4677E-01   5.8921E+01   2.4402E-01  -1.2292E+00   1.2532E+00   2.7162E+02   5.8915E-09   6.5937E+01   8.7529E-02  -4.3013E-01   2.2044E+00
-4.9194E-02  -8.5852E-03   1.4834E-01   6.1788E+01   1.6694E-01  -1.0009E+00   1.0147E+00   2.7164E+02   3.4902E-09   6.4867E+01   5.8247E-02  -3.4779E-01   1.9861E+00
-4.9440E-02  -7.0346E-03   1.4991E-01   6.3691E+01   1.3381E-01  -8.0773E-01   8.1874E-01   2.7162E+02   6.2713E-09   6.5473E+01   4.1830E-02  -2.8023E-01   1.7839E+00
-4.9658E-02  -5.4812E-03   1.5148E-01   6.5399E+01   9.6006E-02  -7.3194E-01   7.3821E-01   2.7129E+02   1.9960E-06   7.9375E+01   2.8901E-02  -2.5383E-01   1.6929E+00
-4.9795E-02  -3.9192E-03   1.5304E-01   6.6929E+01   3.9100E-02  -5.4541E-01   5.4681E-01   2.7117E+02   2.2408E-06   8.4518E+01   1.3175E-02  -1.8784E-01   1.4590E+00
-4.9877E-02  -2.3515E-03   1.5461E-01   6.7766E+01   2.6232E-02  -3.1457E-01   3.1567E-01   2.7116E+02   2.1744E-06   8.4334E+01   5.6450E-03  -1.0793E-01   1.1104E+00
-4.9959E-02  -7.8385E-04   1.5618E-01   6.8202E+01   1.8242E-02  -1.0883E-01   1.1035E-01   2.7113E+02   2.0491E-06   8.6108E+01   9.7319E-04  -3.7468E-02   6.5752E-01
