#        X=           Y=           S=           P=           U=           V=         Vel=           T=         mut=         hcv=          Ax=          Ay=       Yplus=
 5.7842E-01  -3.6898E-03  -5.9084E-01   1.4314E+03   2.7716E+01  -3.4340E+00   2.7928E+01   2.6762E+02   1.0667E-46   1.1132E+02   4.7134E+00  -7.2118E-01   4.2124E+01
 5.6670E-01  -2.2693E-03  -5.7903E-01   1.6589E+03   1.8822E+01  -1.1950E+00   1.8860E+01   2.6707E+02   5.2859E-04   1.9654E+02   5.2026E+00  -4.6984E-01   7.5733E+01
 5.5470E-01  -1.5244E-03  -5.6700E-01   1.7801E+03   1.7912E+01  -3.2969E-01   1.7915E+01   2.6731E+02   4.7313E-04   1.7280E+02   4.5304E+00  -1.5590E-01   6.8045E+01
 5.4246E-01  -1.4040E-03  -5.5476E-01   1.8088E+03   1.6436E+01   4.6733E-01   1.6442E+01   2.6733E+02   4.5649E-04   1.6720E+02   4.0361E+00   5.7883E-02   6.5620E+01
 5.3004E-01  -1.8406E-03  -5.4233E-01   1.7913E+03   1.5994E+01   1.0574E+00   1.6029E+01   2.6739E+02   4.5199E-04   1.6399E+02   3.8970E+00   2.1701E-01   6.4949E+01
 5.1747E-01  -2.7538E-03  -5.2972E-01   1.7384E+03   1.5974E+01   1.5469E+00   1.6048E+01   2.6744E+02   4.5699E-04   1.6409E+02   3.9276E+00   3.5131E-01   6.5619E+01
 5.0478E-01  -4.0545E-03  -5.1697E-01   1.6643E+03   1.6357E+01   1.9664E+00   1.6475E+01   2.6747E+02   4.6824E-04   1.6655E+02   4.1033E+00   4.7363E-01   6.7187E+01
 4.9199E-01  -5.6507E-03  -5.0407E-01   1.5855E+03   1.6943E+01   2.3329E+00   1.7103E+01   2.6746E+02   4.8255E-04   1.7088E+02   4.3576E+00   5.8421E-01   6.9201E+01
 4.7911E-01  -7.4750E-03  -4.9107E-01   1.5029E+03   1.7539E+01   2.6698E+00   1.7741E+01   2.6745E+02   4.9742E-04   1.7528E+02   4.6258E+00   6.9025E-01   7.1290E+01
 4.6617E-01  -9.4907E-03  -4.7797E-01   1.4135E+03   1.8172E+01   2.9907E+00   1.8417E+01   2.6746E+02   5.1318E-04   1.7975E+02   4.9181E+00   7.9803E-01   7.3504E+01
 4.5318E-01  -1.1668E-02  -4.6480E-01   1.3154E+03   1.8897E+01   3.2992E+00   1.9182E+01   2.6746E+02   5.3053E-04   1.8467E+02   5.2570E+00   9.0986E-01   7.5944E+01
 4.4017E-01  -1.3975E-02  -4.5159E-01   1.2048E+03   1.9763E+01   3.5960E+00   2.0088E+01   2.6745E+02   5.4996E-04   1.9029E+02   5.6647E+00   1.0283E+00   7.8681E+01
 4.2716E-01  -1.6373E-02  -4.3835E-01   1.0806E+03   2.0826E+01   3.8695E+00   2.1183E+01   2.6744E+02   5.7184E-04   1.9699E+02   6.1664E+00   1.1522E+00   8.1772E+01
 4.1414E-01  -1.8811E-02  -4.2511E-01   9.4760E+02   2.2090E+01   4.0934E+00   2.2466E+01   2.6741E+02   5.9584E-04   2.0498E+02   6.7689E+00   1.2721E+00   8.5172E+01
 4.0115E-01  -2.1231E-02  -4.1190E-01   8.0985E+02   2.3509E+01   4.2413E+00   2.3888E+01   2.6736E+02   6.2098E-04   2.1401E+02   7.4573E+00   1.3775E+00   8.8742E+01
 3.8820E-01  -2.3577E-02  -3.9873E-01   6.7251E+02   2.5035E+01   4.2870E+00   2.5400E+01   2.6729E+02   6.4625E-04   2.2385E+02   8.2121E+00   1.4557E+00   9.2340E+01
 3.7529E-01  -2.5790E-02  -3.8564E-01   5.4753E+02   2.6569E+01   4.2037E+00   2.6899E+01   2.6721E+02   6.6990E-04   2.3398E+02   8.9833E+00   1.4882E+00   9.5718E+01
 3.6245E-01  -2.7820E-02  -3.7263E-01   4.5469E+02   2.7940E+01   3.9851E+00   2.8223E+01   2.6711E+02   6.8971E-04   2.4351E+02   9.6843E+00   1.4559E+00   9.8558E+01
 3.4968E-01  -2.9636E-02  -3.5974E-01   3.9481E+02   2.9006E+01   3.6809E+00   2.9239E+01   2.6703E+02   7.0448E-04   2.5126E+02   1.0238E+01   1.3744E+00   1.0068E+02
 3.3703E-01  -3.1239E-02  -3.4699E-01   3.5921E+02   2.9812E+01   3.3404E+00   2.9999E+01   2.6696E+02   7.1530E-04   2.5739E+02   1.0660E+01   1.2690E+00   1.0224E+02
 3.2451E-01  -3.2640E-02  -3.3439E-01   3.4267E+02   3.0442E+01   2.9847E+00   3.0588E+01   2.6690E+02   7.2338E-04   2.6250E+02   1.0991E+01   1.1509E+00   1.0341E+02
 3.1214E-01  -3.3853E-02  -3.2196E-01   3.4146E+02   3.0939E+01   2.6263E+00   3.1050E+01   2.6684E+02   7.2938E-04   2.6687E+02   1.1250E+01   1.0267E+00   1.0428E+02
 2.9996E-01  -3.4889E-02  -3.0973E-01   3.5229E+02   3.1335E+01   2.2724E+00   3.1417E+01   2.6678E+02   7.3380E-04   2.7070E+02   1.1453E+01   9.0077E-01   1.0493E+02
 2.8796E-01  -3.5761E-02  -2.9771E-01   3.7215E+02   3.1658E+01   1.9264E+00   3.1716E+01   2.6672E+02   7.3705E-04   2.7419E+02   1.1615E+01   7.7621E-01   1.0541E+02
 2.7619E-01  -3.6483E-02  -2.8591E-01   3.9992E+02   3.1927E+01   1.5874E+00   3.1967E+01   2.6666E+02   7.3937E-04   2.7747E+02   1.1746E+01   6.5284E-01   1.0577E+02
 2.6464E-01  -3.7063E-02  -2.7435E-01   4.3494E+02   3.2149E+01   1.2562E+00   3.2173E+01   2.6660E+02   7.4083E-04   2.8057E+02   1.1849E+01   5.3105E-01   1.0600E+02
 2.5335E-01  -3.7512E-02  -2.6304E-01   4.7644E+02   3.2326E+01   9.3462E-01   3.2339E+01   2.6654E+02   7.4151E-04   2.8350E+02   1.1924E+01   4.1189E-01   1.0612E+02
 2.4231E-01  -3.7840E-02  -2.5200E-01   5.2365E+02   3.2463E+01   6.2386E-01   3.2469E+01   2.6648E+02   7.4151E-04   2.8628E+02   1.1975E+01   2.9624E-01   1.0615E+02
 2.3154E-01  -3.8056E-02  -2.4123E-01   5.7584E+02   3.2563E+01   3.2498E-01   3.2565E+01   2.6641E+02   7.4090E-04   2.8895E+02   1.2005E+01   1.8478E-01   1.0609E+02
 2.2105E-01  -3.8172E-02  -2.3074E-01   6.3231E+02   3.2631E+01   3.8741E-02   3.2631E+01   2.6634E+02   7.3977E-04   2.9153E+02   1.2015E+01   7.8034E-02   1.0596E+02
 2.1085E-01  -3.8196E-02  -2.2054E-01   6.9240E+02   3.2668E+01  -2.3442E-01   3.2669E+01   2.6627E+02   7.3818E-04   2.9403E+02   1.2008E+01  -2.3598E-02   1.0576E+02
 2.0094E-01  -3.8137E-02  -2.1063E-01   7.5549E+02   3.2676E+01  -4.9446E-01   3.2680E+01   2.6620E+02   7.3618E-04   2.9644E+02   1.1984E+01  -1.1986E-01   1.0551E+02
 1.9134E-01  -3.8005E-02  -2.0102E-01   8.2103E+02   3.2660E+01  -7.4173E-01   3.2668E+01   2.6613E+02   7.3383E-04   2.9879E+02   1.1946E+01  -2.1059E-01   1.0521E+02
 1.8203E-01  -3.7808E-02  -1.9172E-01   8.8849E+02   3.2629E+01  -9.7693E-01   3.2643E+01   2.6605E+02   7.3121E-04   3.0115E+02   1.1900E+01  -2.9584E-01   1.0487E+02
 1.7303E-01  -3.7554E-02  -1.8271E-01   9.5752E+02   3.2585E+01  -1.2009E+00   3.2607E+01   2.6597E+02   7.2836E-04   3.0355E+02   1.1845E+01  -3.7568E-01   1.0450E+02
 1.6433E-01  -3.7250E-02  -1.7401E-01   1.0277E+03   3.2533E+01  -1.4152E+00   3.2564E+01   2.6589E+02   7.2539E-04   3.0602E+02   1.1786E+01  -4.5030E-01   1.0411E+02
 1.5595E-01  -3.6904E-02  -1.6561E-01   1.0982E+03   3.2480E+01  -1.6224E+00   3.2520E+01   2.6581E+02   7.2245E-04   3.0864E+02   1.1728E+01  -5.2005E-01   1.0372E+02
 1.4786E-01  -3.6523E-02  -1.5752E-01   1.1666E+03   3.2438E+01  -1.8279E+00   3.2489E+01   2.6572E+02   7.1976E-04   3.1148E+02   1.1677E+01  -5.8562E-01   1.0338E+02
 1.4008E-01  -3.6110E-02  -1.4973E-01   1.2324E+03   3.2414E+01  -2.0427E+00   3.2478E+01   2.6562E+02   7.1733E-04   3.1456E+02   1.1637E+01  -6.5130E-01   1.0307E+02
 1.3259E-01  -3.5668E-02  -1.4223E-01   1.2983E+03   3.2394E+01  -2.2754E+00   3.2474E+01   2.6553E+02   7.1486E-04   3.1779E+02   1.1598E+01  -7.2310E-01   1.0276E+02
 1.2540E-01  -3.5195E-02  -1.3502E-01   1.3659E+03   3.2359E+01  -2.5229E+00   3.2457E+01   2.6542E+02   7.1198E-04   3.2097E+02   1.1548E+01  -7.9985E-01   1.0239E+02
 1.1850E-01  -3.4692E-02  -1.2810E-01   1.4363E+03   3.2297E+01  -2.7813E+00   3.2416E+01   2.6532E+02   7.0852E-04   3.2401E+02   1.1481E+01  -8.7979E-01   1.0194E+02
 1.1189E-01  -3.4160E-02  -1.2147E-01   1.5097E+03   3.2202E+01  -3.0470E+00   3.2346E+01   2.6522E+02   7.0435E-04   3.2684E+02   1.1393E+01  -9.6123E-01   1.0139E+02
 1.0555E-01  -3.3601E-02  -1.1511E-01   1.5865E+03   3.2070E+01  -3.3165E+00   3.2241E+01   2.6511E+02   6.9940E-04   3.2940E+02   1.1282E+01  -1.0425E+00   1.0073E+02
 9.9487E-02  -3.3016E-02  -1.0902E-01   1.6665E+03   3.1898E+01  -3.5864E+00   3.2099E+01   2.6500E+02   6.9362E-04   3.3167E+02   1.1147E+01  -1.1222E+00   9.9959E+01
 9.3693E-02  -3.2409E-02  -1.0319E-01   1.7496E+03   3.1686E+01  -3.8539E+00   3.1920E+01   2.6489E+02   6.8698E-04   3.3360E+02   1.0987E+01  -1.1987E+00   9.9063E+01
 8.8159E-02  -3.1782E-02  -9.7619E-02   1.8358E+03   3.1432E+01  -4.1163E+00   3.1701E+01   2.6478E+02   6.7947E-04   3.3520E+02   1.0802E+01  -1.2709E+00   9.8047E+01
 8.2877E-02  -3.1139E-02  -9.2299E-02   1.9248E+03   3.1138E+01  -4.3720E+00   3.1443E+01   2.6466E+02   6.7115E-04   3.3645E+02   1.0594E+01  -1.3376E+00   9.6915E+01
 7.7841E-02  -3.0481E-02  -8.7219E-02   2.0154E+03   3.0807E+01  -4.6204E+00   3.1151E+01   2.6455E+02   6.6210E-04   3.3737E+02   1.0368E+01  -1.3982E+00   9.5682E+01
 7.3041E-02  -2.9814E-02  -8.2373E-02   2.1062E+03   3.0447E+01  -4.8644E+00   3.0833E+01   2.6443E+02   6.5238E-04   3.3798E+02   1.0125E+01  -1.4527E+00   9.4355E+01
 6.8471E-02  -2.9138E-02  -7.7753E-02   2.1975E+03   3.0057E+01  -5.1103E+00   3.0489E+01   2.6431E+02   6.4177E-04   3.3818E+02   9.8651E+00  -1.5045E+00   9.2904E+01
 6.4123E-02  -2.8454E-02  -7.3352E-02   2.2911E+03   2.9621E+01  -5.3568E+00   3.0102E+01   2.6419E+02   6.2992E-04   3.3777E+02   9.5780E+00  -1.5550E+00   9.1281E+01
 5.9991E-02  -2.7762E-02  -6.9163E-02   2.3876E+03   2.9126E+01  -5.5958E+00   2.9659E+01   2.6407E+02   6.1663E-04   3.3661E+02   9.2580E+00  -1.6005E+00   8.9455E+01
 5.6066E-02  -2.7062E-02  -6.5175E-02   2.4874E+03   2.8566E+01  -5.8205E+00   2.9153E+01   2.6395E+02   6.0175E-04   3.3457E+02   8.9038E+00  -1.6379E+00   8.7410E+01
 5.2339E-02  -2.6356E-02  -6.1382E-02   2.5903E+03   2.7939E+01  -6.0245E+00   2.8581E+01   2.6383E+02   5.8520E-04   3.3155E+02   8.5153E+00  -1.6647E+00   8.5132E+01
 4.8802E-02  -2.5644E-02  -5.7775E-02   2.6960E+03   2.7243E+01  -6.2022E+00   2.7940E+01   2.6371E+02   5.6689E-04   3.2747E+02   8.0940E+00  -1.6785E+00   8.2611E+01
 4.5449E-02  -2.4929E-02  -5.4346E-02   2.8039E+03   2.6479E+01  -6.3487E+00   2.7230E+01   2.6359E+02   5.4676E-04   3.2223E+02   7.6425E+00  -1.6776E+00   7.9840E+01
 4.2274E-02  -2.4213E-02  -5.1091E-02   2.9134E+03   2.5649E+01  -6.4598E+00   2.6450E+01   2.6348E+02   5.2472E-04   3.1576E+02   7.1638E+00  -1.6607E+00   7.6810E+01
 3.9268E-02  -2.3498E-02  -4.8001E-02   3.0238E+03   2.4754E+01  -6.5321E+00   2.5601E+01   2.6336E+02   5.0062E-04   3.0796E+02   6.6609E+00  -1.6266E+00   7.3506E+01
 3.6425E-02  -2.2787E-02  -4.5071E-02   3.1346E+03   2.3796E+01  -6.5627E+00   2.4685E+01   2.6326E+02   4.7415E-04   2.9866E+02   6.1359E+00  -1.5746E+00   6.9894E+01
 3.3737E-02  -2.2080E-02  -4.2291E-02   3.2450E+03   2.2778E+01  -6.5493E+00   2.3701E+01   2.6315E+02   4.4487E-04   2.8762E+02   5.5904E+00  -1.5039E+00   6.5926E+01
 3.1195E-02  -2.1381E-02  -3.9655E-02   3.3543E+03   2.1701E+01  -6.4897E+00   2.2650E+01   2.6305E+02   4.1209E-04   2.7451E+02   5.0258E+00  -1.4139E+00   6.1537E+01
 2.8793E-02  -2.0691E-02  -3.7155E-02   3.4621E+03   2.0564E+01  -6.3824E+00   2.1532E+01   2.6296E+02   3.7510E-04   2.5907E+02   4.4451E+00  -1.3047E+00   5.6679E+01
 2.6524E-02  -2.0012E-02  -3.4787E-02   3.5678E+03   1.9369E+01  -6.2264E+00   2.0345E+01   2.6287E+02   3.3342E-04   2.4131E+02   3.8578E+00  -1.1786E+00   5.1379E+01
 2.4380E-02  -1.9345E-02  -3.2542E-02   3.6699E+03   1.8122E+01  -6.0246E+00   1.9097E+01   2.6279E+02   2.8729E-04   2.2192E+02   3.2844E+00  -1.0423E+00   4.5834E+01
 2.2357E-02  -1.8692E-02  -3.0415E-02   3.7667E+03   1.6830E+01  -5.7863E+00   1.7797E+01   2.6272E+02   2.3795E-04   2.0260E+02   2.7563E+00  -9.0668E-01   4.0466E+01
 2.0449E-02  -1.8052E-02  -2.8403E-02   3.8590E+03   1.5478E+01  -5.5201E+00   1.6432E+01   2.6266E+02   1.8756E-04   1.8571E+02   2.3001E+00  -7.8753E-01   3.5831E+01
 1.8654E-02  -1.7421E-02  -2.6500E-02   3.9496E+03   1.4025E+01  -5.2108E+00   1.4962E+01   2.6260E+02   1.3912E-04   1.7288E+02   1.9198E+00  -6.9289E-01   3.2289E+01
 1.6967E-02  -1.6793E-02  -2.4700E-02   4.0386E+03   1.2442E+01  -4.8225E+00   1.3344E+01   2.6254E+02   9.6067E-05   1.6344E+02   1.5923E+00  -6.1178E-01   2.9643E+01
 1.5384E-02  -1.6164E-02  -2.2997E-02   4.1239E+03   1.0725E+01  -4.3248E+00   1.1564E+01   2.6249E+02   6.1711E-05   1.5523E+02   1.2867E+00  -5.2971E-01   2.7325E+01
 1.3901E-02  -1.5531E-02  -2.1384E-02   4.2027E+03   8.8773E+00  -3.6901E+00   9.6137E+00   2.6244E+02   3.7210E-05   1.4640E+02   9.8705E-01  -4.3712E-01   2.4842E+01
 1.2516E-02  -1.4894E-02  -1.9859E-02   4.2720E+03   6.8993E+00  -2.8889E+00   7.4797E+00   2.6240E+02   2.1195E-05   1.3607E+02   6.9397E-01  -3.3120E-01   2.1882E+01
 1.1225E-02  -1.4255E-02  -1.8419E-02   4.3285E+03   4.8032E+00  -1.8873E+00   5.1607E+00   2.6235E+02   1.0959E-05   1.2437E+02   4.1896E-01  -2.1552E-01   1.8132E+01
 1.0024E-02  -1.3615E-02  -1.7058E-02   4.3659E+03   2.6659E+00  -6.7983E-01   2.7512E+00   2.6230E+02   4.2302E-06   1.1143E+02   1.8636E-01  -1.0324E-01   1.3049E+01
 8.9088E-03  -1.2974E-02  -1.5772E-02   4.3793E+03   5.9942E-01   6.5246E-01   8.8601E-01   2.6225E+02   6.6364E-07   8.3923E+01   9.6560E-03  -5.7511E-03   3.4029E+00
 7.8730E-03  -1.2336E-02  -1.4555E-02   4.3700E+03  -1.5245E+00   2.0049E+00   2.5186E+00   2.6226E+02   5.1477E-06   1.0919E+02  -1.5652E-01   1.0001E-01   1.2286E+01
 6.9141E-03  -1.1702E-02  -1.3405E-02   4.3306E+03  -3.8217E+00   3.6305E+00   5.2712E+00   2.6227E+02   1.4535E-05   1.2605E+02  -3.9679E-01   2.7172E-01   1.8214E+01
 6.0300E-03  -1.1074E-02  -1.2320E-02   4.2522E+03  -6.1955E+00   5.5818E+00   8.3391E+00   2.6228E+02   2.8278E-05   1.4279E+02  -7.1606E-01   5.2845E-01   2.2978E+01
 5.2181E-03  -1.0450E-02  -1.1297E-02   4.1308E+03  -8.5526E+00   7.8376E+00   1.1601E+01   2.6228E+02   4.6238E-05   1.5957E+02  -1.0946E+00   8.7644E-01   2.7116E+01
 4.4760E-03  -9.8302E-03  -1.0329E-02   3.9604E+03  -1.0847E+01   1.0405E+01   1.5031E+01   2.6227E+02   6.7794E-05   1.7561E+02  -1.5164E+00   1.3257E+00   3.0884E+01
 3.8026E-03  -9.2139E-03  -9.4160E-03   3.7345E+03  -1.3029E+01   1.3295E+01   1.8615E+01   2.6227E+02   9.1911E-05   1.9104E+02  -1.9663E+00   1.8884E+00   3.4428E+01
 3.1958E-03  -8.6022E-03  -8.5541E-03   3.4484E+03  -1.5035E+01   1.6505E+01   2.2326E+01   2.6227E+02   1.1760E-04   2.0600E+02  -2.4256E+00   2.5744E+00   3.7825E+01
 2.6534E-03  -7.9961E-03  -7.7405E-03   3.1006E+03  -1.6791E+01   2.0006E+01   2.6118E+01   2.6227E+02   1.4417E-04   2.2057E+02  -2.8707E+00   3.3882E+00   4.1113E+01
 2.1730E-03  -7.3974E-03  -6.9726E-03   2.6932E+03  -1.8227E+01   2.3747E+01   2.9935E+01   2.6226E+02   1.7123E-04   2.3477E+02  -3.2753E+00   4.3275E+00   4.4312E+01
 1.7517E-03  -6.8078E-03  -6.2477E-03   2.2318E+03  -1.9285E+01   2.7659E+01   3.3718E+01   2.6226E+02   1.9867E-04   2.4861E+02  -3.6130E+00   5.3826E+00   4.7436E+01
 1.3868E-03  -6.2298E-03  -5.5638E-03   1.7267E+03  -1.9919E+01   3.1652E+01   3.7398E+01   2.6226E+02   2.2646E-04   2.6209E+02  -3.8592E+00   6.5344E+00   5.0495E+01
 1.0746E-03  -5.6654E-03  -4.9185E-03   1.1911E+03  -2.0111E+01   3.5628E+01   4.0912E+01   2.6226E+02   2.5475E-04   2.7525E+02  -3.9958E+00   7.7593E+00   5.3512E+01
 8.1112E-04  -5.1168E-03  -4.3097E-03   6.4102E+02  -1.9864E+01   3.9487E+01   4.4202E+01   2.6226E+02   2.8374E-04   2.8819E+02  -4.0128E+00   9.0307E+00   5.6519E+01
 5.9250E-04  -4.5863E-03  -3.7357E-03   9.3995E+01  -1.9209E+01   4.3131E+01   4.7215E+01   2.6227E+02   3.1346E-04   3.0100E+02  -3.9079E+00   1.0320E+01   5.9547E+01
 4.1421E-04  -4.0751E-03  -3.1941E-03  -4.3399E+02  -1.8195E+01   4.6485E+01   4.9919E+01   2.6227E+02   3.4398E-04   3.1383E+02  -3.6870E+00   1.1604E+01   6.2637E+01
 2.7193E-04  -3.5847E-03  -2.6834E-03  -9.2827E+02  -1.6887E+01   4.9488E+01   5.2290E+01   2.6228E+02   3.7524E-04   3.2679E+02  -3.3613E+00   1.2862E+01   6.5822E+01
 1.6135E-04  -3.1160E-03  -2.2016E-03  -1.3770E+03  -1.5358E+01   5.2099E+01   5.4316E+01   2.6229E+02   4.0722E-04   3.3996E+02  -2.9457E+00   1.4076E+01   6.9132E+01
 7.8335E-05  -2.6694E-03  -1.7472E-03  -1.7712E+03  -1.3681E+01   5.4297E+01   5.5994E+01   2.6230E+02   4.3980E-04   3.5338E+02  -2.4563E+00   1.5231E+01   7.2587E+01
 1.9054E-05  -2.2451E-03  -1.3188E-03  -2.1042E+03  -1.1925E+01   5.6074E+01   5.7328E+01   2.6231E+02   4.7288E-04   3.6702E+02  -1.9095E+00   1.6314E+01   7.6194E+01
-2.0051E-05  -1.8430E-03  -9.1466E-04  -2.3715E+03  -1.0156E+01   5.7428E+01   5.8319E+01   2.6232E+02   5.0622E-04   3.8065E+02  -1.3209E+00   1.7304E+01   7.9939E+01
-4.2159E-05  -1.4627E-03  -5.3368E-04  -2.5685E+03  -8.4396E+00   5.8358E+01   5.8965E+01   2.6233E+02   5.3987E-04   3.9417E+02  -7.0683E-01   1.8185E+01   8.3830E+01
-5.0102E-05  -1.1036E-03  -1.7441E-04  -2.6910E+03  -6.8204E+00   5.8866E+01   5.9260E+01   2.6235E+02   5.7279E-04   4.0653E+02  -8.2776E-02   1.8898E+01   8.7748E+01
-4.6368E-05  -7.6490E-04   1.6436E-04  -2.7339E+03  -5.4047E+00   5.8901E+01   5.9149E+01   2.6238E+02   6.0680E-04   4.1858E+02   5.3265E-01   1.9453E+01   9.1876E+01
-3.3109E-05  -4.4592E-04   4.8365E-04  -2.6833E+03  -4.1886E+00   5.8590E+01   5.8740E+01   2.6240E+02   6.3664E-04   4.2580E+02   1.1136E+00   1.9663E+01   9.5619E+01
-1.2175E-05  -1.4562E-04   7.8471E-04  -2.5711E+03  -3.3720E+00   5.7443E+01   5.7542E+01   2.6248E+02   6.7173E-04   4.3376E+02   1.6473E+00   1.9704E+01   9.9981E+01
-1.7304E-06   1.4650E-04   1.0774E-03  -2.3676E+03  -2.8972E+00   5.7214E+01   5.7287E+01   2.6246E+02   6.9701E-04   4.4510E+02  -2.4046E-01   2.0358E+01   1.0332E+02
-3.2735E-06   4.4841E-04   1.3793E-03  -2.5988E+03  -2.5029E+00   5.8446E+01   5.8500E+01   2.6241E+02   7.2314E-04   4.6159E+02   2.5896E-02   2.1481E+01   1.0685E+02
-6.0254E-07   7.6866E-04   1.6995E-03  -3.0082E+03  -1.8865E+00   5.9990E+01   6.0020E+01   2.6243E+02   7.5072E-04   4.7860E+02   3.4486E-01   2.2889E+01   1.1059E+02
 7.0961E-06   1.1083E-03   2.0393E-03  -3.3667E+03  -1.0937E+00   6.1479E+01   6.1488E+01   2.6243E+02   7.8005E-04   4.9464E+02   7.2331E-01   2.4248E+01   1.1461E+02
 2.0757E-05   1.4686E-03   2.3998E-03  -3.6567E+03  -1.7905E-01   6.2723E+01   6.2723E+01   2.6244E+02   8.1117E-04   5.1105E+02   1.1652E+00   2.5578E+01   1.1888E+02
 4.1453E-05   1.8505E-03   2.7824E-03  -3.9471E+03   8.2779E-01   6.3930E+01   6.3936E+01   2.6245E+02   8.4437E-04   5.2791E+02   1.6790E+00   2.6945E+01   1.2345E+02
 7.0412E-05   2.2556E-03   3.1884E-03  -4.2679E+03   1.9391E+00   6.5174E+01   6.5203E+01   2.6246E+02   8.7986E-04   5.4561E+02   2.2773E+00   2.8405E+01   1.2837E+02
 1.0904E-04   2.6849E-03   3.6195E-03  -4.6120E+03   3.1651E+00   6.6443E+01   6.6519E+01   2.6247E+02   9.1781E-04   5.6426E+02   2.9727E+00   2.9962E+01   1.3364E+02
 1.5895E-04   3.1400E-03   4.0774E-03  -4.9698E+03   4.5087E+00   6.7705E+01   6.7855E+01   2.6248E+02   9.5827E-04   5.8392E+02   3.7781E+00   3.1610E+01   1.3929E+02
 2.2198E-04   3.6224E-03   4.5639E-03  -5.3414E+03   5.9731E+00   6.8952E+01   6.9211E+01   2.6250E+02   1.0012E-03   6.0460E+02   4.7082E+00   3.3347E+01   1.4530E+02
 3.0014E-04   4.1330E-03   5.0805E-03  -5.7304E+03   7.5639E+00   7.0183E+01   7.0589E+01   2.6251E+02   1.0467E-03   6.2628E+02   5.7786E+00   3.5173E+01   1.5168E+02
 3.9557E-04   4.6724E-03   5.6283E-03  -6.1376E+03   9.2858E+00   7.1387E+01   7.1989E+01   2.6253E+02   1.0944E-03   6.4884E+02   7.0034E+00   3.7077E+01   1.5840E+02
 5.1070E-04   5.2415E-03   6.2090E-03  -6.5616E+03   1.1143E+01   7.2550E+01   7.3401E+01   2.6254E+02   1.1442E-03   6.7214E+02   8.3966E+00   3.9043E+01   1.6543E+02
 6.4833E-04   5.8415E-03   6.8246E-03  -7.0008E+03   1.3140E+01   7.3654E+01   7.4817E+01   2.6256E+02   1.1958E-03   6.9601E+02   9.9718E+00   4.1050E+01   1.7273E+02
 8.1158E-04   6.4739E-03   7.4778E-03  -7.4538E+03   1.5279E+01   7.4682E+01   7.6229E+01   2.6258E+02   1.2490E-03   7.2026E+02   1.1741E+01   4.3074E+01   1.8025E+02
 1.0040E-03   7.1402E-03   8.1714E-03  -7.9184E+03   1.7563E+01   7.5614E+01   7.7627E+01   2.6261E+02   1.3032E-03   7.4466E+02   1.3713E+01   4.5082E+01   1.8794E+02
 1.2293E-03   7.8412E-03   8.9078E-03  -8.3917E+03   1.9989E+01   7.6427E+01   7.8997E+01   2.6263E+02   1.3581E-03   7.6893E+02   1.5891E+01   4.7039E+01   1.9573E+02
 1.4911E-03   8.5764E-03   9.6883E-03  -8.8689E+03   2.2547E+01   7.7093E+01   8.0323E+01   2.6266E+02   1.4130E-03   7.9274E+02   1.8267E+01   4.8897E+01   2.0353E+02
 1.7935E-03   9.3459E-03   1.0515E-02  -9.3446E+03   2.5225E+01   7.7586E+01   8.1584E+01   2.6269E+02   1.4672E-03   8.1573E+02   2.0828E+01   5.0606E+01   2.1123E+02
 2.1413E-03   1.0151E-02   1.1392E-02  -9.8140E+03   2.8007E+01   7.7884E+01   8.2767E+01   2.6272E+02   1.5201E-03   8.3757E+02   2.3554E+01   5.2121E+01   2.1876E+02
 2.5397E-03   1.0991E-02   1.2322E-02  -1.0273E+04   3.0878E+01   7.7965E+01   8.3857E+01   2.6276E+02   1.5712E-03   8.5797E+02   2.6422E+01   5.3396E+01   2.2601E+02
 2.9934E-03   1.1867E-02   1.3309E-02  -1.0714E+04   3.3812E+01   7.7807E+01   8.4836E+01   2.6280E+02   1.6196E-03   8.7662E+02   2.9391E+01   5.4387E+01   2.3290E+02
 3.5072E-03   1.2777E-02   1.4354E-02  -1.1131E+04   3.6777E+01   7.7390E+01   8.5684E+01   2.6284E+02   1.6648E-03   8.9318E+02   3.2413E+01   5.5052E+01   2.3933E+02
 4.0871E-03   1.3720E-02   1.5461E-02  -1.1519E+04   3.9743E+01   7.6704E+01   8.6388E+01   2.6288E+02   1.7063E-03   9.0740E+02   3.5438E+01   5.5362E+01   2.4521E+02
 4.7390E-03   1.4696E-02   1.6635E-02  -1.1873E+04   4.2679E+01   7.5742E+01   8.6938E+01   2.6293E+02   1.7434E-03   9.1912E+02   3.8415E+01   5.5299E+01   2.5048E+02
 5.4682E-03   1.5703E-02   1.7878E-02  -1.2188E+04   4.5548E+01   7.4501E+01   8.7321E+01   2.6299E+02   1.7759E-03   9.2817E+02   4.1285E+01   5.4854E+01   2.5508E+02
 6.2804E-03   1.6739E-02   1.9195E-02  -1.2459E+04   4.8315E+01   7.2983E+01   8.7527E+01   2.6304E+02   1.8033E-03   9.3441E+02   4.3990E+01   5.4026E+01   2.5895E+02
 7.1823E-03   1.7803E-02   2.0590E-02  -1.2683E+04   5.0944E+01   7.1207E+01   8.7554E+01   2.6310E+02   1.8258E-03   9.3792E+02   4.6489E+01   5.2836E+01   2.6211E+02
 8.1794E-03   1.8893E-02   2.2068E-02  -1.2862E+04   5.3356E+01   6.9102E+01   8.7304E+01   2.6318E+02   1.8430E-03   9.3754E+02   4.8681E+01   5.1250E+01   2.6450E+02
 9.2783E-03   2.0005E-02   2.3632E-02  -1.2994E+04   5.5511E+01   6.6667E+01   8.6752E+01   2.6327E+02   1.8549E-03   9.3306E+02   5.0511E+01   4.9289E+01   2.6612E+02
 1.0486E-02   2.1139E-02   2.5288E-02  -1.3078E+04   5.7381E+01   6.3911E+01   8.5891E+01   2.6339E+02   1.8615E-03   9.2441E+02   5.1935E+01   4.6990E+01   2.6697E+02
 1.1807E-02   2.2289E-02   2.7040E-02  -1.3112E+04   5.8941E+01   6.0851E+01   8.4716E+01   2.6352E+02   1.8625E-03   9.1164E+02   5.2916E+01   4.4393E+01   2.6699E+02
 1.3249E-02   2.3452E-02   2.8894E-02  -1.3093E+04   6.0158E+01   5.7508E+01   8.3224E+01   2.6367E+02   1.8576E-03   8.9479E+02   5.3421E+01   4.1536E+01   2.6617E+02
 1.4820E-02   2.4626E-02   3.0855E-02  -1.3016E+04   6.0984E+01   5.3889E+01   8.1383E+01   2.6384E+02   1.8466E-03   8.7372E+02   5.3409E+01   3.8446E+01   2.6446E+02
 1.6525E-02   2.5806E-02   3.2929E-02  -1.2871E+04   6.1349E+01   5.0010E+01   7.9150E+01   2.6402E+02   1.8289E-03   8.4820E+02   5.2813E+01   3.5162E+01   2.6177E+02
 1.8372E-02   2.6987E-02   3.5121E-02  -1.2649E+04   6.1197E+01   4.5925E+01   7.6512E+01   2.6423E+02   1.8035E-03   8.1818E+02   5.1581E+01   3.1761E+01   2.5797E+02
 2.0364E-02   2.8167E-02   3.7437E-02  -1.2352E+04   6.0518E+01   4.1738E+01   7.3515E+01   2.6445E+02   1.7698E-03   7.8409E+02   4.9728E+01   2.8350E+01   2.5298E+02
 2.2510E-02   2.9345E-02   3.9885E-02  -1.1993E+04   5.9363E+01   3.7588E+01   7.0263E+01   2.6468E+02   1.7280E-03   7.4703E+02   4.7350E+01   2.5058E+01   2.4684E+02
 2.4812E-02   3.0521E-02   4.2470E-02  -1.1592E+04   5.7869E+01   3.3650E+01   6.6941E+01   2.6491E+02   1.6796E-03   7.0906E+02   4.4643E+01   2.2034E+01   2.3977E+02
 2.7274E-02   3.1698E-02   4.5199E-02  -1.1175E+04   5.6275E+01   3.0121E+01   6.3829E+01   2.6510E+02   1.6279E-03   6.7333E+02   4.1906E+01   1.9428E+01   2.3227E+02
 2.9900E-02   3.2882E-02   4.8080E-02  -1.0778E+04   5.5003E+01   2.7238E+01   6.1378E+01   2.6523E+02   1.5791E-03   6.4473E+02   3.9601E+01   1.7409E+01   2.2523E+02
 3.2693E-02   3.4079E-02   5.1119E-02  -1.0457E+04   5.4284E+01   2.4999E+01   5.9764E+01   2.6530E+02   1.5395E-03   6.2512E+02   3.8020E+01   1.5888E+01   2.1955E+02
 3.5662E-02   3.5287E-02   5.4324E-02  -1.0204E+04   5.4012E+01   2.3204E+01   5.8786E+01   2.6532E+02   1.5103E-03   6.1290E+02   3.7063E+01   1.4685E+01   2.1538E+02
 3.8813E-02   3.6500E-02   5.7702E-02  -9.9728E+03   5.3963E+01   2.1673E+01   5.8153E+01   2.6532E+02   1.4885E-03   6.0538E+02   3.6470E+01   1.3664E+01   2.1230E+02
 4.2160E-02   3.7717E-02   6.1263E-02  -9.7429E+03   5.3955E+01   2.0286E+01   5.7643E+01   2.6531E+02   1.4705E-03   5.9980E+02   3.6016E+01   1.2725E+01   2.0975E+02
 4.5712E-02   3.8934E-02   6.5018E-02  -9.5120E+03   5.3880E+01   1.8975E+01   5.7124E+01   2.6531E+02   1.4532E-03   5.9414E+02   3.5553E+01   1.1814E+01   2.0729E+02
 4.9476E-02   4.0145E-02   6.8972E-02  -9.2796E+03   5.3675E+01   1.7702E+01   5.6518E+01   2.6531E+02   1.4349E-03   5.8723E+02   3.4998E+01   1.0909E+01   2.0469E+02
 5.3455E-02   4.1344E-02   7.3128E-02  -9.0430E+03   5.3302E+01   1.6449E+01   5.5782E+01   2.6533E+02   1.4149E-03   5.7862E+02   3.4310E+01   1.0009E+01   2.0184E+02
 5.7657E-02   4.2529E-02   7.7494E-02  -8.7993E+03   5.2754E+01   1.5214E+01   5.4904E+01   2.6537E+02   1.3931E-03   5.6835E+02   3.3481E+01   9.1234E+00   1.9871E+02
 6.2092E-02   4.3696E-02   8.2080E-02  -8.5480E+03   5.2043E+01   1.4007E+01   5.3895E+01   2.6541E+02   1.3695E-03   5.5669E+02   3.2526E+01   8.2667E+00   1.9533E+02
 6.6770E-02   4.4843E-02   8.6896E-02  -8.2900E+03   5.1200E+01   1.2844E+01   5.2786E+01   2.6547E+02   1.3446E-03   5.4412E+02   3.1477E+01   7.4560E+00   1.9176E+02
 7.1698E-02   4.5970E-02   9.1952E-02  -8.0278E+03   5.0267E+01   1.1745E+01   5.1621E+01   2.6553E+02   1.3190E-03   5.3115E+02   3.0376E+01   6.7074E+00   1.8809E+02
 7.6885E-02   4.7076E-02   9.7256E-02  -7.7654E+03   4.9300E+01   1.0732E+01   5.0455E+01   2.6558E+02   1.2933E-03   5.1837E+02   2.9273E+01   6.0354E+00   1.8441E+02
 8.2339E-02   4.8164E-02   1.0282E-01  -7.5091E+03   4.8372E+01   9.8285E+00   4.9361E+01   2.6563E+02   1.2684E-03   5.0642E+02   2.8228E+01   5.4532E+00   1.8084E+02
 8.8064E-02   4.9237E-02   1.0864E-01  -7.2691E+03   4.7605E+01   9.0619E+00   4.8460E+01   2.6567E+02   1.2456E-03   4.9628E+02   2.7336E+01   4.9755E+00   1.7759E+02
 9.4061E-02   5.0297E-02   1.1473E-01  -7.0620E+03   4.7042E+01   8.4119E+00   4.7788E+01   2.6569E+02   1.2256E-03   4.8788E+02   2.6630E+01   4.5713E+00   1.7475E+02
 1.0034E-01   5.1341E-02   1.2110E-01  -6.8861E+03   4.6603E+01   7.8207E+00   4.7255E+01   2.6571E+02   1.2076E-03   4.8024E+02   2.6044E+01   4.1977E+00   1.7219E+02
 1.0691E-01   5.2365E-02   1.2775E-01  -6.7245E+03   4.6192E+01   7.2516E+00   4.6758E+01   2.6574E+02   1.1908E-03   4.7271E+02   2.5501E+01   3.8395E+00   1.6978E+02
 1.1379E-01   5.3362E-02   1.3469E-01  -6.5695E+03   4.5758E+01   6.6898E+00   4.6244E+01   2.6578E+02   1.1743E-03   4.6496E+02   2.4959E+01   3.4905E+00   1.6744E+02
 1.2096E-01   5.4326E-02   1.4193E-01  -6.4195E+03   4.5285E+01   6.1314E+00   4.5699E+01   2.6582E+02   1.1581E-03   4.5695E+02   2.4407E+01   3.1504E+00   1.6513E+02
 1.2844E-01   5.5251E-02   1.4947E-01  -6.2734E+03   4.4777E+01   5.5772E+00   4.5123E+01   2.6586E+02   1.1422E-03   4.4879E+02   2.3846E+01   2.8208E+00   1.6285E+02
 1.3624E-01   5.6130E-02   1.5732E-01  -6.1299E+03   4.4236E+01   5.0300E+00   4.4521E+01   2.6591E+02   1.1265E-03   4.4058E+02   2.3278E+01   2.5032E+00   1.6060E+02
 1.4435E-01   5.6958E-02   1.6547E-01  -5.9878E+03   4.3668E+01   4.4930E+00   4.3898E+01   2.6596E+02   1.1110E-03   4.3238E+02   2.2705E+01   2.1990E+00   1.5838E+02
 1.5279E-01   5.7730E-02   1.7394E-01  -5.8468E+03   4.3078E+01   3.9701E+00   4.3261E+01   2.6601E+02   1.0956E-03   4.2425E+02   2.2130E+01   1.9097E+00   1.5617E+02
 1.6155E-01   5.8440E-02   1.8273E-01  -5.7066E+03   4.2475E+01   3.4648E+00   4.2616E+01   2.6606E+02   1.0804E-03   4.1627E+02   2.1557E+01   1.6366E+00   1.5399E+02
 1.7063E-01   5.9082E-02   1.9184E-01  -5.5680E+03   4.1870E+01   2.9808E+00   4.1976E+01   2.6611E+02   1.0653E-03   4.0849E+02   2.0995E+01   1.3811E+00   1.5183E+02
 1.8003E-01   5.9654E-02   2.0125E-01  -5.4318E+03   4.1274E+01   2.5212E+00   4.1351E+01   2.6616E+02   1.0506E-03   4.0100E+02   2.0449E+01   1.1443E+00   1.4973E+02
 1.8974E-01   6.0151E-02   2.1098E-01  -5.2997E+03   4.0707E+01   2.0885E+00   4.0761E+01   2.6620E+02   1.0365E-03   3.9392E+02   1.9934E+01   9.2683E-01   1.4771E+02
 1.9978E-01   6.0571E-02   2.2103E-01  -5.1744E+03   4.0200E+01   1.6853E+00   4.0235E+01   2.6624E+02   1.0233E-03   3.8749E+02   1.9470E+01   7.2943E-01   1.4583E+02
 2.1012E-01   6.0913E-02   2.3138E-01  -5.0610E+03   3.9794E+01   1.3081E+00   3.9816E+01   2.6627E+02   1.0117E-03   3.8193E+02   1.9085E+01   5.4768E-01   1.4417E+02
 2.2077E-01   6.1168E-02   2.4203E-01  -4.9638E+03   3.9460E+01   9.3257E-01   3.9471E+01   2.6631E+02   1.0013E-03   3.7684E+02   1.8759E+01   3.6408E-01   1.4269E+02
 2.3172E-01   6.1325E-02   2.5298E-01  -4.8752E+03   3.9139E+01   5.4187E-01   3.9143E+01   2.6634E+02   9.9163E-04   3.7188E+02   1.8453E+01   1.7331E-01   1.4131E+02
 2.4296E-01   6.1369E-02   2.6422E-01  -4.7881E+03   3.8790E+01   1.3019E-01   3.8790E+01   2.6638E+02   9.8209E-04   3.6682E+02   1.8137E+01  -2.5160E-02   1.3995E+02
 2.5447E-01   6.1286E-02   2.7573E-01  -4.6996E+03   3.8389E+01  -3.0344E-01   3.8391E+01   2.6642E+02   9.7226E-04   3.6153E+02   1.7796E+01  -2.3070E-01   1.3854E+02
 2.6624E-01   6.1059E-02   2.8750E-01  -4.6075E+03   3.7924E+01  -7.5807E-01   3.7932E+01   2.6646E+02   9.6186E-04   3.5594E+02   1.7419E+01  -4.4196E-01   1.3705E+02
 2.7827E-01   6.0674E-02   2.9953E-01  -4.5089E+03   3.7379E+01  -1.2311E+00   3.7399E+01   2.6651E+02   9.5059E-04   3.4998E+02   1.6996E+01  -6.5686E-01   1.3544E+02
 2.9052E-01   6.0112E-02   3.1180E-01  -4.4011E+03   3.6737E+01  -1.7185E+00   3.6777E+01   2.6656E+02   9.3811E-04   3.4357E+02   1.6516E+01  -8.7241E-01   1.3365E+02
 3.0299E-01   5.9359E-02   3.2429E-01  -4.2810E+03   3.5976E+01  -2.2139E+00   3.6044E+01   2.6661E+02   9.2404E-04   3.3656E+02   1.5965E+01  -1.0844E+00   1.3164E+02
 3.1564E-01   5.8397E-02   3.3699E-01  -4.1451E+03   3.5067E+01  -2.7086E+00   3.5172E+01   2.6666E+02   9.0788E-04   3.2878E+02   1.5327E+01  -1.2871E+00   1.2932E+02
 3.2847E-01   5.7211E-02   3.4986E-01  -3.9893E+03   3.3978E+01  -3.1887E+00   3.4127E+01   2.6672E+02   8.8908E-04   3.2004E+02   1.4586E+01  -1.4716E+00   1.2664E+02
 3.4143E-01   5.5790E-02   3.6291E-01  -3.8102E+03   3.2701E+01  -3.6327E+00   3.2902E+01   2.6679E+02   8.6735E-04   3.1036E+02   1.3743E+01  -1.6258E+00   1.2353E+02
 3.5452E-01   5.4125E-02   3.7610E-01  -3.6089E+03   3.1239E+01  -4.0233E+00   3.1497E+01   2.6685E+02   8.4253E-04   2.9975E+02   1.2806E+01  -1.7432E+00   1.1999E+02
 3.6769E-01   5.2211E-02   3.8941E-01  -3.3860E+03   2.9575E+01  -4.3438E+00   2.9892E+01   2.6692E+02   8.1428E-04   2.8803E+02   1.1775E+01  -1.8174E+00   1.1596E+02
 3.8092E-01   5.0045E-02   4.0282E-01  -3.1399E+03   2.7665E+01  -4.5726E+00   2.8040E+01   2.6700E+02   7.8189E-04   2.7489E+02   1.0638E+01  -1.8400E+00   1.1134E+02
 3.9419E-01   4.7625E-02   4.1630E-01  -2.8682E+03   2.5421E+01  -4.6764E+00   2.5848E+01   2.6709E+02   7.4396E-04   2.5966E+02   9.3681E+00  -1.7979E+00   1.0593E+02
 4.0746E-01   4.4961E-02   4.2984E-01  -2.5677E+03   2.2849E+01  -4.6101E+00   2.3310E+01   2.6719E+02   7.0026E-04   2.4270E+02   7.9961E+00  -1.6758E+00   9.9697E+01
 4.2071E-01   4.2086E-02   4.4340E-01  -2.2511E+03   2.0123E+01  -4.3670E+00   2.0592E+01   2.6728E+02   6.5274E-04   2.2534E+02   6.6336E+00  -1.4872E+00   9.2924E+01
 4.3393E-01   3.9047E-02   4.5697E-01  -1.9420E+03   1.7419E+01  -3.9879E+00   1.7870E+01   2.6736E+02   6.0351E-04   2.0834E+02   5.3723E+00  -1.2658E+00   8.5910E+01
 4.4710E-01   3.5891E-02   4.7051E-01  -1.6524E+03   1.4842E+01  -3.5224E+00   1.5254E+01   2.6741E+02   5.5414E-04   1.9219E+02   4.2583E+00  -1.0382E+00   7.8881E+01
 4.6020E-01   3.2660E-02   4.8400E-01  -1.3884E+03   1.2453E+01  -3.0207E+00   1.2814E+01   2.6745E+02   5.0556E-04   1.7699E+02   3.3060E+00  -8.2482E-01   7.1966E+01
 4.7322E-01   2.9377E-02   4.9742E-01  -1.1535E+03   1.0131E+01  -2.4941E+00   1.0433E+01   2.6750E+02   4.5544E-04   1.6094E+02   2.4622E+00  -6.2812E-01   6.4824E+01
 4.8612E-01   2.6046E-02   5.1075E-01  -9.4123E+02   7.6649E+00  -1.9026E+00   7.8975E+00   2.6757E+02   4.0079E-04   1.4296E+02   1.6718E+00  -4.3659E-01   5.7017E+01
 4.9889E-01   2.2673E-02   5.2395E-01  -7.4928E+02   5.1987E+00  -1.2862E+00   5.3554E+00   2.6767E+02   3.4005E-04   1.2303E+02   9.8710E-01  -2.6392E-01   4.8330E+01
 5.1150E-01   1.9274E-02   5.3702E-01  -5.9453E+02   2.0735E+00  -4.4844E-01   2.1214E+00   2.6773E+02   2.5746E-04   9.7416E+01   3.1047E-01  -8.4313E-02   3.6486E+01
 5.2395E-01   1.5888E-02   5.4992E-01  -4.3841E+02   1.5795E+00  -4.0303E-01   1.6301E+00   2.6704E+02   2.1381E-04   9.5716E+01   2.0661E-01  -5.6259E-02   3.0425E+01
 5.3624E-01   1.2600E-02   5.6264E-01  -3.7728E+02  -2.9738E+00   8.9395E-01   3.1053E+00   2.6717E+02   8.1273E-05   6.4377E+01  -2.5592E-01   6.7241E-02   1.5436E+01
 5.4833E-01   9.3637E-03   5.7516E-01  -1.3360E+02   4.4479E+00  -1.6788E+00   4.7542E+00   2.6580E+02   2.4926E-04   1.3066E+02   6.8295E-01  -1.8624E-01   3.6082E+01
 5.6014E-01   5.9326E-03   5.8746E-01  -2.5654E+02  -4.5252E-01  -1.6345E-02   4.5281E-01   2.6852E+02   1.7148E-06   4.0128E+01  -2.9386E-02   9.0802E-03   5.2580E+00
 5.7189E-01   3.4639E-03   5.9951E-01   3.5105E+02   4.9831E+00  -1.7723E+00   5.2888E+00   2.6541E+02   2.8458E-04   1.5598E+02   8.7037E-01  -9.8398E-02   4.0742E+01
 5.8101E-01  -8.9034E-04   6.1036E-01  -5.2478E+01   2.2610E+00  -2.4562E+00   3.3384E+00   2.6780E+02   1.3741E-04   6.4916E+01   2.1766E-01  -2.5118E-01   2.1133E+01
