#        X=           Y=           S=           P=           U=           V=         Vel=           T=         mut=         hcv=          Ax=          Ay=       Yplus=
 9.9043E-01   1.5930E-03  -1.0152E+00   7.5165E+04   7.8197E+01  -2.3632E+01   8.1690E+01   3.9568E+02   4.8071E-05  -5.1853E+04   3.2347E+02  -9.7756E+01   5.9275E+01
 9.7090E-01   6.6968E-03  -9.9498E-01   6.3778E+04   1.2631E+00  -2.8048E-01   1.2939E+00   2.7970E+02   3.8817E-14  -2.5945E+04   4.1360E+01  -9.1844E+00   2.8407E-01
 9.5065E-01   1.0347E-02  -9.7439E-01   5.7077E+04   4.2348E-01  -5.9230E-02   4.2761E-01   2.7999E+02   4.0167E-14  -2.0737E+04   1.0618E+01  -1.4850E+00   1.8260E-01
 9.2983E-01   1.2594E-02  -9.5344E-01   4.7828E+04  -7.3864E-01   5.6714E-02   7.4081E-01   2.7781E+02   4.1590E-15  -1.9454E+04  -2.5341E+01   1.9457E+00   2.0018E-01
 9.0858E-01   1.3599E-02  -9.3215E-01   3.9825E+04  -1.0269E+00   1.8880E-02   1.0270E+00   2.7817E+02   7.1083E-15  -1.7837E+04  -3.0016E+01   5.5187E-01   2.4823E-01
 8.8700E-01   1.3525E-02  -9.1057E-01   3.1893E+04  -1.0362E+00  -2.5805E-02   1.0365E+00   2.7709E+02   1.8567E-15  -1.6669E+04  -3.5975E+01  -8.9592E-01   2.2268E-01
 8.6517E-01   1.2510E-02  -8.8871E-01   2.3323E+04  -1.1803E+00  -8.0149E-02   1.1830E+00   2.7724E+02   2.4792E-15  -1.5746E+04  -3.7251E+01  -2.5297E+00   2.4120E-01
 8.4316E-01   1.0697E-02  -8.6662E-01   1.5443E+04  -1.0572E+00  -1.0226E-01   1.0621E+00   2.7678E+02   1.3009E-15  -1.5320E+04  -3.6533E+01  -3.5338E+00   2.1149E-01
 8.2101E-01   8.2028E-03  -8.4434E-01   5.5379E+03  -1.0007E+00  -1.2855E-01   1.0089E+00   2.7671E+02   1.2348E-15  -1.4880E+04  -3.4240E+01  -4.3987E+00   1.9807E-01
 7.9879E-01   5.0643E-03  -8.2189E-01  -4.4304E+03  -6.7216E-01  -1.0344E-01   6.8007E-01   2.7673E+02   1.3479E-15  -1.5106E+04  -2.3242E+01  -3.5766E+00   1.5360E-01
 7.7652E-01   1.3939E-03  -7.9932E-01  -1.4508E+04  -1.3760E-01  -2.4197E-02   1.3972E-01   2.7678E+02   1.6872E-15  -1.5326E+04  -4.7612E+00  -8.3723E-01   6.8985E-02
 7.5426E-01  -2.7981E-03  -7.7666E-01  -2.3923E+04   1.0428E+00   2.0951E-01   1.0636E+00   2.7674E+02   2.1452E-15  -1.5100E+04   3.5910E+01   7.2148E+00   1.6934E-01
 7.3205E-01  -7.4735E-03  -7.5397E-01  -3.0996E+04   3.0281E+00   6.6659E-01   3.1006E+00   2.7650E+02   2.6113E-15  -1.4197E+04   1.0493E+02   2.3099E+01   2.7827E-01
 7.0992E-01  -1.2548E-02  -7.3127E-01  -3.6742E+04   5.4584E+00   1.3022E+00   5.6115E+00   2.7612E+02   3.5130E-15  -1.2486E+04   1.8750E+02   4.4732E+01   3.6101E-01
 6.8794E-01  -1.8069E-02  -7.0860E-01  -4.1895E+04   7.8165E+00   2.0633E+00   8.0842E+00   2.7572E+02   4.7933E-15  -1.0515E+04   2.6169E+02   6.9078E+01   4.2132E-01
 6.6612E-01  -2.3891E-02  -6.8602E-01  -4.3516E+04   8.8987E+00   2.4001E+00   9.2166E+00   2.7549E+02   4.8650E-15  -9.8393E+03   3.0525E+02   8.2329E+01   4.3844E-01
 6.4438E-01  -2.9556E-02  -6.6355E-01  -4.0082E+04   1.1319E+01   2.8453E+00   1.1671E+01   2.7597E+02   1.6203E-14  -1.0237E+04   3.3610E+02   8.4488E+01   5.4572E-01
 6.2265E-01  -3.4562E-02  -6.4124E-01  -3.1938E+04   1.0640E+01   2.2268E+00   1.0870E+01   2.7579E+02   1.0929E-14  -1.1192E+04   3.6805E+02   7.7031E+01   5.2022E-01
 6.0092E-01  -3.8657E-02  -6.1912E-01  -2.2979E+04   1.1794E+01   1.9758E+00   1.1958E+01   2.7623E+02   2.3302E-14  -1.2345E+04   3.8684E+02   6.4808E+01   5.9560E-01
 5.7928E-01  -4.1949E-02  -5.9724E-01  -1.5357E+04   1.1633E+01   1.5898E+00   1.1741E+01   2.7630E+02   2.4417E-14  -1.3242E+04   3.9961E+02   5.4615E+01   6.0446E-01
 5.5782E-01  -4.4607E-02  -5.7562E-01  -8.5930E+03   1.1955E+01   1.3261E+00   1.2028E+01   2.7650E+02   3.2119E-14  -1.4047E+04   4.1025E+02   4.5509E+01   6.3588E-01
 5.3661E-01  -4.6764E-02  -5.5429E-01  -3.1935E+03   1.2052E+01   1.1128E+00   1.2104E+01   2.7662E+02   3.7000E-14  -1.4658E+04   4.1728E+02   3.8528E+01   6.5341E-01
 5.1569E-01  -4.8536E-02  -5.3330E-01   1.4553E+03   1.2231E+01   9.4202E-01   1.2268E+01   2.7674E+02   4.3313E-14  -1.5180E+04   4.2395E+02   3.2651E+01   6.7290E-01
 4.9511E-01  -4.9991E-02  -5.1266E-01   5.5095E+03   1.2403E+01   7.9593E-01   1.2429E+01   2.7684E+02   4.9682E-14  -1.5631E+04   4.3013E+02   2.7602E+01   6.9039E-01
 4.7489E-01  -5.1182E-02  -4.9241E-01   9.0022E+03   1.2566E+01   6.7286E-01   1.2584E+01   2.7693E+02   5.5934E-14  -1.6016E+04   4.3597E+02   2.3343E+01   7.0587E-01
 4.5507E-01  -5.2159E-02  -4.7256E-01   1.1956E+04   1.2723E+01   5.7190E-01   1.2736E+01   2.7701E+02   6.1906E-14  -1.6338E+04   4.4154E+02   1.9847E+01   7.1945E-01
 4.3567E-01  -5.2962E-02  -4.5315E-01   1.4514E+04   1.2880E+01   4.8672E-01   1.2889E+01   2.7707E+02   6.7696E-14  -1.6610E+04   4.4708E+02   1.6895E+01   7.3182E-01
 4.1672E-01  -5.3615E-02  -4.3419E-01   1.6934E+04   1.3046E+01   4.0489E-01   1.3053E+01   2.7713E+02   7.3805E-14  -1.6864E+04   4.5293E+02   1.4057E+01   7.4404E-01
 3.9824E-01  -5.4129E-02  -4.1570E-01   1.9278E+04   1.3224E+01   3.2463E-01   1.3228E+01   2.7719E+02   8.0378E-14  -1.7118E+04   4.5919E+02   1.1272E+01   7.5635E-01
 3.8023E-01  -5.4514E-02  -3.9769E-01   2.1630E+04   1.3402E+01   2.4205E-01   1.3404E+01   2.7725E+02   8.7398E-14  -1.7366E+04   4.6543E+02   8.4061E+00   7.6868E-01
 3.6272E-01  -5.4772E-02  -3.8017E-01   2.4053E+04   1.3582E+01   1.5473E-01   1.3583E+01   2.7731E+02   9.5129E-14  -1.7619E+04   4.7178E+02   5.3744E+00   7.8133E-01
 3.4570E-01  -5.4910E-02  -3.6316E-01   2.6500E+04   1.3763E+01   6.4412E-02   1.3763E+01   2.7737E+02   1.0349E-13  -1.7870E+04   4.7814E+02   2.2377E+00   7.9406E-01
 3.2920E-01  -5.4940E-02  -3.4666E-01   2.8711E+04   1.3944E+01  -1.5596E-02   1.3944E+01   2.7743E+02   1.1193E-13  -1.8102E+04   4.8449E+02  -5.4191E-01   8.0607E-01
 3.1322E-01  -5.4887E-02  -3.3067E-01   3.0542E+04   1.4136E+01  -7.9273E-02   1.4137E+01   2.7747E+02   1.2026E-13  -1.8284E+04   4.9124E+02  -2.7547E+00   8.1725E-01
 2.9776E-01  -5.4774E-02  -3.1521E-01   3.2060E+04   1.4332E+01  -1.2909E-01   1.4333E+01   2.7751E+02   1.2825E-13  -1.8433E+04   4.9810E+02  -4.4862E+00   8.2758E-01
 2.8282E-01  -5.4612E-02  -3.0027E-01   3.3696E+04   1.4544E+01  -1.8614E-01   1.4545E+01   2.7754E+02   1.3721E-13  -1.8593E+04   5.0551E+02  -6.4697E+00   8.3873E-01
 2.6840E-01  -5.4392E-02  -2.8585E-01   3.5750E+04   1.4764E+01  -2.6352E-01   1.4767E+01   2.7759E+02   1.4805E-13  -1.8792E+04   5.1324E+02  -9.1605E+00   8.5144E-01
 2.5450E-01  -5.4102E-02  -2.7194E-01   3.8166E+04   1.4982E+01  -3.5995E-01   1.4987E+01   2.7764E+02   1.6073E-13  -1.9024E+04   5.2090E+02  -1.2514E+01   8.6520E-01
 2.4112E-01  -5.3737E-02  -2.5856E-01   4.0622E+04   1.5188E+01  -4.6348E-01   1.5195E+01   2.7770E+02   1.7424E-13  -1.9260E+04   5.2812E+02  -1.6116E+01   8.7875E-01
 2.2824E-01  -5.3312E-02  -2.4568E-01   4.2616E+04   1.5396E+01  -5.4926E-01   1.5405E+01   2.7775E+02   1.8726E-13  -1.9449E+04   5.3542E+02  -1.9102E+01   8.9094E-01
 2.1588E-01  -5.2848E-02  -2.3330E-01   4.4027E+04   1.5621E+01  -6.1554E-01   1.5634E+01   2.7778E+02   1.9945E-13  -1.9590E+04   5.4332E+02  -2.1409E+01   9.0184E-01
 2.0400E-01  -5.2366E-02  -2.2142E-01   4.4959E+04   1.5854E+01  -6.6345E-01   1.5867E+01   2.7780E+02   2.1037E-13  -1.9684E+04   5.5143E+02  -2.3077E+01   9.1143E-01
 1.9262E-01  -5.1874E-02  -2.1002E-01   4.6006E+04   1.6102E+01  -7.1857E-01   1.6118E+01   2.7782E+02   2.2203E-13  -1.9779E+04   5.6008E+02  -2.4995E+01   9.2185E-01
 1.8171E-01  -5.1352E-02  -1.9910E-01   4.8568E+04   1.6388E+01  -8.4094E-01   1.6410E+01   2.7788E+02   2.4172E-13  -2.0002E+04   5.7013E+02  -2.9255E+01   9.3815E-01
 1.7127E-01  -5.0765E-02  -1.8864E-01   5.2466E+04   1.6670E+01  -1.0203E+00   1.6701E+01   2.7797E+02   2.6976E-13  -2.0383E+04   5.8008E+02  -3.5506E+01   9.5847E-01
 1.6128E-01  -5.0114E-02  -1.7864E-01   5.6049E+04   1.6864E+01  -1.1719E+00   1.6905E+01   2.7804E+02   2.9577E-13  -2.0698E+04   5.8696E+02  -4.0787E+01   9.7534E-01
 1.5174E-01  -4.9426E-02  -1.6907E-01   5.8749E+04   1.7080E+01  -1.2770E+00   1.7128E+01   2.7810E+02   3.1966E-13  -2.0968E+04   5.9461E+02  -4.4456E+01   9.9000E-01
 1.4263E-01  -4.8725E-02  -1.5993E-01   6.1186E+04   1.7304E+01  -1.3728E+00   1.7359E+01   2.7816E+02   3.4339E-13  -2.1188E+04   6.0250E+02  -4.7798E+01   1.0041E+00
 1.3394E-01  -4.8006E-02  -1.5121E-01   6.4341E+04   1.7559E+01  -1.5161E+00   1.7624E+01   2.7822E+02   3.7382E-13  -2.1466E+04   6.1146E+02  -5.2796E+01   1.0214E+00
 1.2565E-01  -4.7252E-02  -1.4289E-01   6.8311E+04   1.7808E+01  -1.7039E+00   1.7889E+01   2.7832E+02   4.1202E-13  -2.1866E+04   6.2031E+02  -5.9355E+01   1.0411E+00
 1.1776E-01  -4.6459E-02  -1.3496E-01   7.2425E+04   1.7997E+01  -1.9033E+00   1.8098E+01   2.7840E+02   4.5170E-13  -2.2235E+04   6.2706E+02  -6.6313E+01   1.0595E+00
 1.1025E-01  -4.5631E-02  -1.2741E-01   7.6030E+04   1.8175E+01  -2.0883E+00   1.8295E+01   2.7849E+02   4.9047E-13  -2.2581E+04   6.3340E+02  -7.2777E+01   1.0761E+00
 1.0311E-01  -4.4782E-02  -1.2021E-01   7.9057E+04   1.8371E+01  -2.2619E+00   1.8510E+01   2.7856E+02   5.2785E-13  -2.2897E+04   6.4038E+02  -7.8844E+01   1.0914E+00
 9.6318E-02  -4.3920E-02  -1.1337E-01   8.1718E+04   1.8587E+01  -2.4329E+00   1.8746E+01   2.7863E+02   5.6609E-13  -2.3194E+04   6.4804E+02  -8.4822E+01   1.1062E+00
 8.9866E-02  -4.3048E-02  -1.0686E-01   8.4530E+04   1.8824E+01  -2.6266E+00   1.9006E+01   2.7870E+02   6.0863E-13  -2.3509E+04   6.5641E+02  -9.1593E+01   1.1222E+00
 8.3741E-02  -4.2165E-02  -1.0067E-01   8.7718E+04   1.9063E+01  -2.8436E+00   1.9274E+01   2.7879E+02   6.5744E-13  -2.3875E+04   6.6494E+02  -9.9187E+01   1.1395E+00
 7.7929E-02  -4.1268E-02  -9.4786E-02   9.1284E+04   1.9303E+01  -3.0809E+00   1.9548E+01   2.7889E+02   7.1302E-13  -2.4286E+04   6.7349E+02  -1.0749E+02   1.1580E+00
 7.2419E-02  -4.0358E-02  -8.9201E-02   9.5273E+04   1.9538E+01  -3.3392E+00   1.9821E+01   2.7900E+02   7.7610E-13  -2.4740E+04   6.8188E+02  -1.1654E+02   1.1778E+00
 6.7198E-02  -3.9433E-02  -8.3898E-02   9.9977E+04   1.9739E+01  -3.6290E+00   2.0070E+01   2.7911E+02   8.4755E-13  -2.5226E+04   6.8912E+02  -1.2669E+02   1.1989E+00
 6.2257E-02  -3.8490E-02  -7.8868E-02   1.0542E+05   1.9901E+01  -3.9482E+00   2.0289E+01   2.7924E+02   9.2921E-13  -2.5776E+04   6.9504E+02  -1.3789E+02   1.2212E+00
 5.7584E-02  -3.7527E-02  -7.4097E-02   1.1140E+05   2.0024E+01  -4.2905E+00   2.0478E+01   2.7938E+02   1.0202E-12  -2.6374E+04   6.9961E+02  -1.4991E+02   1.2441E+00
 5.3167E-02  -3.6544E-02  -6.9572E-02   1.1772E+05   2.0101E+01  -4.6485E+00   2.0632E+01   2.7953E+02   1.1187E-12  -2.6999E+04   7.0261E+02  -1.6248E+02   1.2666E+00
 4.8996E-02  -3.5543E-02  -6.5283E-02   1.2406E+05   2.0148E+01  -5.0169E+00   2.0763E+01   2.7968E+02   1.2240E-12  -2.7639E+04   7.0455E+02  -1.7543E+02   1.2884E+00
 4.5062E-02  -3.4531E-02  -6.1220E-02   1.2983E+05   2.0191E+01  -5.3761E+00   2.0895E+01   2.7983E+02   1.3300E-12  -2.8267E+04   7.0634E+02  -1.8807E+02   1.3084E+00
 4.1351E-02  -3.3513E-02  -5.7372E-02   1.3469E+05   2.0264E+01  -5.7246E+00   2.1057E+01   2.7997E+02   1.4341E-12  -2.8847E+04   7.0914E+02  -2.0034E+02   1.3267E+00
 3.7851E-02  -3.2498E-02  -5.3728E-02   1.3867E+05   2.0387E+01  -6.0727E+00   2.1272E+01   2.8009E+02   1.5349E-12  -2.9362E+04   7.1369E+02  -2.1259E+02   1.3442E+00
 3.4553E-02  -3.1488E-02  -5.0278E-02   1.4284E+05   2.0601E+01  -6.4947E+00   2.1600E+01   2.8022E+02   1.6553E-12  -2.9912E+04   7.2144E+02  -2.2744E+02   1.3658E+00
 3.1449E-02  -3.0476E-02  -4.7013E-02   1.4893E+05   2.0766E+01  -7.0173E+00   2.1919E+01   2.8037E+02   1.8053E-12  -3.0557E+04   7.2754E+02  -2.4586E+02   1.3923E+00
 2.8535E-02  -2.9452E-02  -4.3925E-02   1.5723E+05   2.0809E+01  -7.6038E+00   2.2155E+01   2.8056E+02   1.9886E-12  -3.1349E+04   7.2948E+02  -2.6656E+02   1.4220E+00
 2.5805E-02  -2.8413E-02  -4.1003E-02   1.6732E+05   2.0719E+01  -8.2269E+00   2.2293E+01   2.8077E+02   2.2011E-12  -3.2243E+04   7.2678E+02  -2.8858E+02   1.4532E+00
 2.3252E-02  -2.7355E-02  -3.8239E-02   1.7886E+05   2.0491E+01  -8.8595E+00   2.2324E+01   2.8099E+02   2.4325E-12  -3.3200E+04   7.1923E+02  -3.1097E+02   1.4842E+00
 2.0871E-02  -2.6281E-02  -3.5627E-02   1.9153E+05   2.0132E+01  -9.4824E+00   2.2253E+01   2.8123E+02   2.6729E-12  -3.4207E+04   7.0710E+02  -3.3306E+02   1.5139E+00
 1.8655E-02  -2.5193E-02  -3.3157E-02   2.0494E+05   1.9641E+01  -1.0074E+01   2.2074E+01   2.8147E+02   2.9114E-12  -3.5224E+04   6.9033E+02  -3.5409E+02   1.5409E+00
 1.6596E-02  -2.4092E-02  -3.0823E-02   2.1850E+05   1.9040E+01  -1.0624E+01   2.1803E+01   2.8170E+02   3.1361E-12  -3.6215E+04   6.6964E+02  -3.7365E+02   1.5639E+00
 1.4690E-02  -2.2984E-02  -2.8618E-02   2.3146E+05   1.8376E+01  -1.1137E+01   2.1488E+01   2.8192E+02   3.3413E-12  -3.7141E+04   6.4669E+02  -3.9195E+02   1.5828E+00
 1.2928E-02  -2.1873E-02  -2.6534E-02   2.4310E+05   1.7717E+01  -1.1644E+01   2.1201E+01   2.8211E+02   3.5106E-12  -3.7931E+04   6.2383E+02  -4.1001E+02   1.5986E+00
 1.1305E-02  -2.0760E-02  -2.4566E-02   2.5437E+05   1.7103E+01  -1.2262E+01   2.1044E+01   2.8228E+02   3.6578E-12  -3.8644E+04   6.0234E+02  -4.3184E+02   1.6180E+00
 9.8217E-03  -1.9640E-02  -2.2707E-02   2.6849E+05   1.6311E+01  -1.2988E+01   2.0851E+01   2.8247E+02   3.7695E-12  -3.9447E+04   5.7488E+02  -4.5776E+02   1.6411E+00
 8.4811E-03  -1.8508E-02  -2.0951E-02   2.8650E+05   1.5138E+01  -1.3590E+01   2.0343E+01   2.8269E+02   3.8063E-12  -4.0376E+04   5.3401E+02  -4.7940E+02   1.6588E+00
 7.2838E-03  -1.7363E-02  -1.9294E-02   3.0692E+05   1.3609E+01  -1.3912E+01   1.9462E+01   2.8289E+02   3.7066E-12  -4.1230E+04   4.8028E+02  -4.9098E+02   1.6638E+00
 6.2248E-03  -1.6212E-02  -1.7729E-02   3.2915E+05   1.1906E+01  -1.3811E+01   1.8234E+01   2.8305E+02   3.4455E-12  -4.1909E+04   4.2024E+02  -4.8749E+02   1.6533E+00
 5.2926E-03  -1.5066E-02  -1.6251E-02   3.5004E+05   1.0132E+01  -1.3232E+01   1.6666E+01   2.8316E+02   3.0144E-12  -4.2379E+04   3.5777E+02  -4.6727E+02   1.6179E+00
 4.4745E-03  -1.3938E-02  -1.4857E-02   3.6891E+05   8.5130E+00  -1.2452E+01   1.5084E+01   2.8321E+02   2.5272E-12  -4.2606E+04   3.0068E+02  -4.3979E+02   1.5708E+00
 3.7589E-03  -1.2834E-02  -1.3541E-02   3.8562E+05   7.0704E+00  -1.1546E+01   1.3538E+01   2.8325E+02   2.0499E-12  -4.2749E+04   2.4975E+02  -4.0783E+02   1.5143E+00
 3.1350E-03  -1.1760E-02  -1.2299E-02   4.0016E+05   5.8071E+00  -1.0572E+01   1.2062E+01   2.8327E+02   1.6200E-12  -4.2856E+04   2.0514E+02  -3.7346E+02   1.4505E+00
 2.5936E-03  -1.0722E-02  -1.1127E-02   4.1267E+05   4.7179E+00  -9.5751E+00   1.0674E+01   2.8331E+02   1.2619E-12  -4.2997E+04   1.6668E+02  -3.3828E+02   1.3813E+00
 2.1256E-03  -9.7203E-03  -1.0022E-02   4.2327E+05   3.7744E+00  -8.5523E+00   9.3481E+00   2.8332E+02   9.6092E-13  -4.3063E+04   1.3335E+02  -3.0216E+02   1.3059E+00
 1.7233E-03  -8.7580E-03  -8.9784E-03   4.3213E+05   2.9728E+00  -7.5412E+00   8.1060E+00   2.8335E+02   7.2816E-13  -4.3173E+04   1.0504E+02  -2.6645E+02   1.2262E+00
 1.3798E-03  -7.8366E-03  -7.9950E-03   4.3942E+05   2.3021E+00  -6.5643E+00   6.9563E+00   2.8341E+02   5.6152E-13  -4.3442E+04   8.1354E+01  -2.3197E+02   1.1435E+00
 1.0885E-03  -6.9558E-03  -7.0671E-03   4.4531E+05   1.7422E+00  -5.6157E+00   5.8798E+00   2.8351E+02   4.4492E-13  -4.3844E+04   6.1583E+01  -1.9850E+02   1.0567E+00
 8.4334E-04  -6.1152E-03  -6.1913E-03   4.4997E+05   1.2774E+00  -4.6896E+00   4.8604E+00   2.8362E+02   3.6477E-13  -4.4323E+04   4.5166E+01  -1.6581E+02   9.6448E-01
 6.3945E-04  -5.3154E-03  -5.3658E-03   4.5354E+05   8.9639E-01  -3.7842E+00   3.8889E+00   2.8374E+02   3.1120E-13  -4.4834E+04   3.1705E+01  -1.3384E+02   8.6519E-01
 4.7202E-04  -4.5556E-03  -4.5878E-03   4.5616E+05   5.8960E-01  -2.8980E+00   2.9574E+00   2.8386E+02   2.7654E-13  -4.5321E+04   2.0860E+01  -1.0253E+02   7.5600E-01
 3.3655E-04  -3.8344E-03  -3.8538E-03   4.5797E+05   3.4885E-01  -2.0295E+00   2.0592E+00   2.8395E+02   2.5488E-13  -4.5724E+04   1.2345E+01  -7.1821E+01   6.3168E-01
 2.2911E-04  -3.1501E-03  -3.1611E-03   4.5906E+05   1.6828E-01  -1.1844E+00   1.1963E+00   2.8402E+02   2.4246E-13  -4.5996E+04   5.9562E+00  -4.1922E+01   4.8184E-01
 1.4634E-04  -2.5024E-03  -2.5080E-03   4.5955E+05   4.2095E-02  -3.6736E-01   3.6977E-01   2.8405E+02   2.3696E-13  -4.6123E+04   1.4901E+00  -1.3004E+01   2.6798E-01
 8.5103E-05  -1.8904E-03  -1.8929E-03   4.5952E+05  -3.4338E-02   4.0417E-01   4.0562E-01   2.8406E+02   2.3960E-13  -4.6193E+04  -1.2155E+00   1.4307E+01   2.8065E-01
 4.2495E-05  -1.3122E-03  -1.3131E-03   4.5908E+05  -6.8333E-02   1.1385E+00   1.1406E+00   2.8407E+02   2.4822E-13  -4.6207E+04  -2.4189E+00   4.0304E+01   4.7043E-01
 1.5946E-05  -7.6614E-04  -7.6636E-04   4.5825E+05  -6.5977E-02   1.8489E+00   1.8500E+00   2.8406E+02   2.6234E-13  -4.6192E+04  -2.3355E+00   6.5447E+01   5.9869E-01
 3.1924E-06  -2.5046E-04  -2.5048E-04   4.5710E+05  -3.1263E-02   2.5025E+00   2.5027E+00   2.8396E+02   2.7232E-13  -4.5760E+04  -1.1063E+00   8.8560E+01   6.9584E-01
 2.5152E-06   2.5046E-04   2.5048E-04   4.5566E+05   3.1840E-02   3.1049E+00   3.1050E+00   2.8383E+02   2.8044E-13  -4.5208E+04   1.1264E+00   1.0984E+02   7.7437E-01
 1.3872E-05   7.6615E-04   7.6632E-04   4.5389E+05   1.2490E-01   3.7281E+00   3.7302E+00   2.8376E+02   3.0362E-13  -4.4918E+04   4.4177E+00   1.3186E+02   8.4759E-01
 3.8935E-05   1.3122E-03   1.3130E-03   4.5165E+05   2.5444E-01   4.3944E+00   4.4017E+00   2.8370E+02   3.3998E-13  -4.4669E+04   8.9979E+00   1.5540E+02   9.1903E-01
 7.9957E-05   1.8903E-03   1.8926E-03   4.4886E+05   4.2507E-01   5.0868E+00   5.1045E+00   2.8364E+02   3.8549E-13  -4.4394E+04   1.5030E+01   1.7986E+02   9.8737E-01
 1.3950E-04   2.5024E-03   2.5076E-03   4.4546E+05   6.4159E-01   5.8045E+00   5.8398E+00   2.8357E+02   4.4538E-13  -4.4101E+04   2.2681E+01   2.0519E+02   1.0530E+00
 2.2046E-04   3.1500E-03   3.1604E-03   4.4136E+05   9.1079E-01   6.5548E+00   6.6178E+00   2.8350E+02   5.2513E-13  -4.3829E+04   3.2192E+01   2.3168E+02   1.1170E+00
 3.2595E-04   3.8342E-03   3.8527E-03   4.3648E+05   1.2396E+00   7.3391E+00   7.4430E+00   2.8345E+02   6.3015E-13  -4.3599E+04   4.3809E+01   2.5936E+02   1.1794E+00
 4.5937E-04   4.5554E-03   4.5863E-03   4.3072E+05   1.6361E+00   8.1590E+00   8.3214E+00   2.8341E+02   7.6655E-13  -4.3421E+04   5.7815E+01   2.8831E+02   1.2405E+00
 6.2463E-04   5.3151E-03   5.3638E-03   4.2397E+05   2.1104E+00   9.0188E+00   9.2624E+00   2.8338E+02   9.4239E-13  -4.3317E+04   7.4569E+01   3.1867E+02   1.3006E+00
 8.2625E-04   6.1149E-03   6.1887E-03   4.1612E+05   2.6740E+00   9.9197E+00   1.0274E+01   2.8337E+02   1.1642E-12  -4.3276E+04   9.4484E+01   3.5050E+02   1.3595E+00
 1.0690E-03   6.9553E-03   7.0637E-03   4.0703E+05   3.3332E+00   1.0839E+01   1.1340E+01   2.8335E+02   1.4240E-12  -4.3187E+04   1.1777E+02   3.8298E+02   1.4157E+00
 1.3580E-03   7.8360E-03   7.9907E-03   3.9659E+05   4.0998E+00   1.1777E+01   1.2470E+01   2.8333E+02   1.7279E-12  -4.3082E+04   1.4485E+02   4.1609E+02   1.4693E+00
 1.6991E-03   8.7571E-03   8.9731E-03   3.8466E+05   4.9886E+00   1.2731E+01   1.3673E+01   2.8330E+02   2.0788E-12  -4.2984E+04   1.7624E+02   4.4976E+02   1.5201E+00
 2.0992E-03   9.7191E-03   1.0015E-02   3.7110E+05   6.0172E+00   1.3697E+01   1.4960E+01   2.8328E+02   2.4740E-12  -4.2896E+04   2.1257E+02   4.8386E+02   1.5677E+00
 2.5652E-03   1.0720E-02   1.1119E-02   3.5577E+05   7.1924E+00   1.4642E+01   1.6313E+01   2.8325E+02   2.8880E-12  -4.2740E+04   2.5406E+02   5.1720E+02   1.6104E+00
 3.1049E-03   1.1758E-02   1.2289E-02   3.3853E+05   8.5198E+00   1.5532E+01   1.7715E+01   2.8318E+02   3.2859E-12  -4.2462E+04   3.0090E+02   5.4854E+02   1.6464E+00
 3.7278E-03   1.2830E-02   1.3530E-02   3.1926E+05   1.0007E+01   1.6334E+01   1.9156E+01   2.8308E+02   3.6331E-12  -4.2035E+04   3.5333E+02   5.7670E+02   1.6746E+00
 4.4431E-03   1.3932E-02   1.4844E-02   2.9787E+05   1.1656E+01   1.7005E+01   2.0616E+01   2.8293E+02   3.8919E-12  -4.1418E+04   4.1138E+02   6.0014E+02   1.6931E+00
 5.2620E-03   1.5057E-02   1.6236E-02   2.7426E+05   1.3441E+01   1.7465E+01   2.2038E+01   2.8273E+02   4.0032E-12  -4.0553E+04   4.7407E+02   6.1598E+02   1.6990E+00
 6.1964E-03   1.6197E-02   1.7711E-02   2.4863E+05   1.5362E+01   1.7675E+01   2.3418E+01   2.8248E+02   3.9740E-12  -3.9468E+04   5.4134E+02   6.2285E+02   1.6918E+00
 7.2594E-03   1.7341E-02   1.9273E-02   2.2171E+05   1.7108E+01   1.7281E+01   2.4317E+01   2.8210E+02   3.6384E-12  -3.7885E+04   6.0242E+02   6.0850E+02   1.6578E+00
 8.4627E-03   1.8476E-02   2.0928E-02   1.9632E+05   1.8659E+01   1.6467E+01   2.4886E+01   2.8172E+02   3.2409E-12  -3.6293E+04   6.5651E+02   5.7940E+02   1.6113E+00
 9.8121E-03   1.9592E-02   2.2680E-02   1.7400E+05   1.9795E+01   1.5393E+01   2.5075E+01   2.8136E+02   2.8260E-12  -3.4770E+04   6.9557E+02   5.4089E+02   1.5573E+00
 1.1307E-02   2.0689E-02   2.4535E-02   1.5615E+05   2.0443E+01   1.4191E+01   2.4885E+01   2.8105E+02   2.4372E-12  -3.3427E+04   7.1755E+02   4.9811E+02   1.5016E+00
 1.2946E-02   2.1772E-02   2.6500E-02   1.4297E+05   2.0792E+01   1.3091E+01   2.4570E+01   2.8079E+02   2.1235E-12  -3.2348E+04   7.2945E+02   4.5928E+02   1.4542E+00
 1.4728E-02   2.2842E-02   2.8579E-02   1.3138E+05   2.1094E+01   1.2112E+01   2.4324E+01   2.8055E+02   1.8503E-12  -3.1317E+04   7.3953E+02   4.2464E+02   1.4131E+00
 1.6657E-02   2.3899E-02   3.0779E-02   1.2007E+05   2.1328E+01   1.1162E+01   2.4072E+01   2.8029E+02   1.5958E-12  -3.0242E+04   7.4721E+02   3.9104E+02   1.3721E+00
 1.8740E-02   2.4940E-02   3.3108E-02   1.0931E+05   2.1464E+01   1.0240E+01   2.3782E+01   2.8004E+02   1.3711E-12  -2.9176E+04   7.5143E+02   3.5849E+02   1.3311E+00
 2.0982E-02   2.5961E-02   3.5572E-02   9.9427E+04   2.1492E+01   9.3620E+00   2.3443E+01   2.7980E+02   1.1783E-12  -2.8157E+04   7.5187E+02   3.2752E+02   1.2910E+00
 2.3387E-02   2.6963E-02   3.8177E-02   9.0669E+04   2.1418E+01   8.5483E+00   2.3061E+01   2.7958E+02   1.0174E-12  -2.7215E+04   7.4879E+02   2.9885E+02   1.2530E+00
 2.5961E-02   2.7948E-02   4.0934E-02   8.3070E+04   2.1288E+01   7.8243E+00   2.2680E+01   2.7938E+02   8.8594E-13  -2.6369E+04   7.4382E+02   2.7339E+02   1.2183E+00
 2.8708E-02   2.8918E-02   4.3848E-02   7.6156E+04   2.1119E+01   7.1629E+00   2.2301E+01   2.7919E+02   7.7376E-13  -2.5568E+04   7.3752E+02   2.5014E+02   1.1858E+00
 3.1636E-02   2.9872E-02   4.6928E-02   6.9876E+04   2.0907E+01   6.5566E+00   2.1911E+01   2.7901E+02   6.7877E-13  -2.4816E+04   7.2972E+02   2.2885E+02   1.1549E+00
 3.4752E-02   3.0814E-02   5.0183E-02   6.4477E+04   2.0662E+01   6.0208E+00   2.1522E+01   2.7886E+02   6.0185E-13  -2.4160E+04   7.2086E+02   2.1005E+02   1.1268E+00
 3.8063E-02   3.1747E-02   5.3623E-02   6.0084E+04   2.0386E+01   5.5632E+00   2.1131E+01   2.7872E+02   5.3872E-13  -2.3574E+04   7.1094E+02   1.9401E+02   1.1021E+00
 4.1575E-02   3.2676E-02   5.7256E-02   5.6207E+04   2.0120E+01   5.1603E+00   2.0772E+01   2.7859E+02   4.8583E-13  -2.3031E+04   7.0143E+02   1.7990E+02   1.0798E+00
 4.5298E-02   3.3601E-02   6.1091E-02   5.2537E+04   1.9864E+01   4.7868E+00   2.0433E+01   2.7847E+02   4.3923E-13  -2.2512E+04   6.9224E+02   1.6682E+02   1.0587E+00
 4.9241E-02   3.4522E-02   6.5141E-02   4.9108E+04   1.9615E+01   4.4445E+00   2.0113E+01   2.7835E+02   3.9865E-13  -2.2024E+04   6.8336E+02   1.5484E+02   1.0389E+00
 5.3416E-02   3.5439E-02   6.9416E-02   4.5821E+04   1.9380E+01   4.1290E+00   1.9815E+01   2.7824E+02   3.6273E-13  -2.1557E+04   6.7496E+02   1.4380E+02   1.0201E+00
 5.7833E-02   3.6350E-02   7.3925E-02   4.2488E+04   1.9146E+01   3.8249E+00   1.9525E+01   2.7813E+02   3.2922E-13  -2.1087E+04   6.6660E+02   1.3317E+02   1.0013E+00
 6.2501E-02   3.7251E-02   7.8680E-02   3.9100E+04   1.8911E+01   3.5323E+00   1.9238E+01   2.7802E+02   2.9811E-13  -2.0617E+04   6.5818E+02   1.2294E+02   9.8237E-01
 6.7434E-02   3.8141E-02   8.3693E-02   3.5698E+04   1.8668E+01   3.2522E+00   1.8949E+01   2.7791E+02   2.6927E-13  -2.0152E+04   6.4955E+02   1.1316E+02   9.6333E-01
 7.2644E-02   3.9016E-02   8.8976E-02   3.2344E+04   1.8424E+01   2.9875E+00   1.8664E+01   2.7781E+02   2.4316E-13  -1.9709E+04   6.4084E+02   1.0392E+02   9.4448E-01
 7.8143E-02   3.9876E-02   9.4541E-02   2.9124E+04   1.8160E+01   2.7385E+00   1.8365E+01   2.7770E+02   2.1932E-13  -1.9273E+04   6.3149E+02   9.5229E+01   9.2573E-01
 8.3940E-02   4.0719E-02   1.0040E-01   2.6129E+04   1.7889E+01   2.5118E+00   1.8065E+01   2.7761E+02   1.9839E-13  -1.8868E+04   6.2191E+02   8.7321E+01   9.0770E-01
 9.0050E-02   4.1548E-02   1.0657E-01   2.3444E+04   1.7617E+01   2.3115E+00   1.7768E+01   2.7752E+02   1.8042E-13  -1.8504E+04   6.1228E+02   8.0337E+01   8.9082E-01
 9.6484E-02   4.2367E-02   1.1305E-01   2.1149E+04   1.7348E+01   2.1414E+00   1.7480E+01   2.7745E+02   1.6535E-13  -1.8200E+04   6.0282E+02   7.4410E+01   8.7552E-01
 1.0325E-01   4.3180E-02   1.1987E-01   1.9154E+04   1.7099E+01   1.9999E+00   1.7215E+01   2.7739E+02   1.5266E-13  -1.7927E+04   5.9405E+02   6.9482E+01   8.6187E-01
 1.1037E-01   4.3988E-02   1.2704E-01   1.7067E+04   1.6852E+01   1.8580E+00   1.6954E+01   2.7732E+02   1.4033E-13  -1.7640E+04   5.8537E+02   6.4538E+01   8.4797E-01
 1.1786E-01   4.4785E-02   1.3456E-01   1.4765E+04   1.6604E+01   1.7068E+00   1.6692E+01   2.7725E+02   1.2805E-13  -1.7334E+04   5.7664E+02   5.9276E+01   8.3326E-01
 1.2572E-01   4.5560E-02   1.4246E-01   1.2289E+04   1.6344E+01   1.5459E+00   1.6417E+01   2.7717E+02   1.1604E-13  -1.7016E+04   5.6747E+02   5.3675E+01   8.1760E-01
 1.3397E-01   4.6306E-02   1.5075E-01   9.9149E+03   1.6073E+01   1.3912E+00   1.6133E+01   2.7710E+02   1.0518E-13  -1.6718E+04   5.5795E+02   4.8294E+01   8.0207E-01
 1.4263E-01   4.7025E-02   1.5943E-01   7.8917E+03   1.5806E+01   1.2581E+00   1.5856E+01   2.7704E+02   9.6136E-14  -1.6467E+04   5.4859E+02   4.3667E+01   7.8795E-01
 1.5170E-01   4.7720E-02   1.6853E-01   6.2345E+03   1.5555E+01   1.1487E+00   1.5597E+01   2.7699E+02   8.8749E-14  -1.6257E+04   5.3979E+02   3.9864E+01   7.7559E-01
 1.6120E-01   4.8396E-02   1.7806E-01   4.7228E+03   1.5312E+01   1.0508E+00   1.5348E+01   2.7695E+02   8.2189E-14  -1.6064E+04   5.3132E+02   3.6463E+01   7.6401E-01
 1.7114E-01   4.9052E-02   1.8802E-01   3.2115E+03   1.5073E+01   9.5656E-01   1.5103E+01   2.7690E+02   7.6036E-14  -1.5872E+04   5.2294E+02   3.3187E+01   7.5250E-01
 1.8153E-01   4.9685E-02   1.9843E-01   1.7067E+03   1.4835E+01   8.6728E-01   1.4860E+01   2.7686E+02   7.0313E-14  -1.5685E+04   5.1462E+02   3.0086E+01   7.4107E-01
 1.9239E-01   5.0295E-02   2.0931E-01   2.6990E+02   1.4602E+01   7.8717E-01   1.4623E+01   2.7681E+02   6.5127E-14  -1.5510E+04   5.0647E+02   2.7303E+01   7.3001E-01
 2.0373E-01   5.0882E-02   2.2066E-01  -1.1001E+03   1.4378E+01   7.1650E-01   1.4396E+01   2.7678E+02   6.0460E-14  -1.5346E+04   4.9866E+02   2.4850E+01   7.1944E-01
 2.1554E-01   5.1446E-02   2.3249E-01  -2.5284E+03   1.4159E+01   6.4630E-01   1.4173E+01   2.7674E+02   5.6003E-14  -1.5177E+04   4.9099E+02   2.2412E+01   7.0878E-01
 2.2785E-01   5.1979E-02   2.4481E-01  -4.0746E+03   1.3940E+01   5.7242E-01   1.3951E+01   2.7669E+02   5.1639E-14  -1.4995E+04   4.8334E+02   1.9848E+01   6.9770E-01
 2.4067E-01   5.2472E-02   2.5763E-01  -5.7291E+03   1.3720E+01   4.9468E-01   1.3729E+01   2.7665E+02   4.7424E-14  -1.4802E+04   4.7568E+02   1.7150E+01   6.8624E-01
 2.5399E-01   5.2916E-02   2.7096E-01  -7.4403E+03   1.3493E+01   4.1403E-01   1.3499E+01   2.7660E+02   4.3370E-14  -1.4601E+04   4.6772E+02   1.4352E+01   6.7436E-01
 2.6782E-01   5.3306E-02   2.8480E-01  -9.0181E+03   1.3264E+01   3.4110E-01   1.3268E+01   2.7656E+02   3.9750E-14  -1.4414E+04   4.5972E+02   1.1823E+01   6.6293E-01
 2.8218E-01   5.3645E-02   2.9916E-01  -1.0346E+04   1.3041E+01   2.8142E-01   1.3044E+01   2.7652E+02   3.6705E-14  -1.4256E+04   4.5194E+02   9.7530E+00   6.5257E-01
 2.9705E-01   5.3942E-02   3.1404E-01  -1.1393E+04   1.2828E+01   2.3582E-01   1.2830E+01   2.7649E+02   3.4211E-14  -1.4131E+04   4.4454E+02   8.1721E+00   6.4348E-01
 3.1245E-01   5.4205E-02   3.2943E-01  -1.2233E+04   1.2627E+01   2.0030E-01   1.2629E+01   2.7646E+02   3.2117E-14  -1.4030E+04   4.3755E+02   6.9408E+00   6.3542E-01
 3.2836E-01   5.4438E-02   3.4535E-01  -1.2999E+04   1.2432E+01   1.6724E-01   1.2433E+01   2.7644E+02   3.0217E-14  -1.3938E+04   4.3076E+02   5.7948E+00   6.2777E-01
 3.4479E-01   5.4639E-02   3.6178E-01  -1.3730E+04   1.2245E+01   1.3600E-01   1.2245E+01   2.7642E+02   2.8475E-14  -1.3850E+04   4.2424E+02   4.7121E+00   6.2043E-01
 3.6173E-01   5.4806E-02   3.7872E-01  -1.4498E+04   1.2067E+01   1.0384E-01   1.2067E+01   2.7640E+02   2.6824E-14  -1.3757E+04   4.1805E+02   3.5974E+00   6.1319E-01
 3.7917E-01   5.4927E-02   3.9616E-01  -1.5432E+04   1.1894E+01   6.4025E-02   1.1894E+01   2.7637E+02   2.5132E-14  -1.3643E+04   4.1202E+02   2.2180E+00   6.0549E-01
 3.9711E-01   5.4987E-02   4.1410E-01  -1.6547E+04   1.1717E+01   1.5484E-02   1.1717E+01   2.7634E+02   2.3381E-14  -1.3502E+04   4.0587E+02   5.3636E-01   5.9707E-01
 4.1553E-01   5.4973E-02   4.3252E-01  -1.7656E+04   1.1534E+01  -3.2086E-02   1.1534E+01   2.7631E+02   2.1725E-14  -1.3363E+04   3.9950E+02  -1.1113E+00   5.8850E-01
 4.3441E-01   5.4894E-02   4.5140E-01  -1.8478E+04   1.1363E+01  -6.3523E-02   1.1363E+01   2.7628E+02   2.0417E-14  -1.3260E+04   3.9353E+02  -2.2000E+00   5.8124E-01
 4.5374E-01   5.4771E-02   4.7074E-01  -1.9042E+04   1.1214E+01  -7.9426E-02   1.1214E+01   2.7627E+02   1.9417E-14  -1.3188E+04   3.8834E+02  -2.7507E+00   5.7544E-01
 4.7351E-01   5.4609E-02   4.9050E-01  -1.9738E+04   1.1073E+01  -1.0305E-01   1.1074E+01   2.7625E+02   1.8384E-14  -1.3103E+04   3.8346E+02  -3.5684E+00   5.6941E-01
 4.9368E-01   5.4377E-02   5.1068E-01  -2.0900E+04   1.0924E+01  -1.4866E-01   1.0925E+01   2.7621E+02   1.7086E-14  -1.2945E+04   3.7825E+02  -5.1475E+00   5.6153E-01
 5.1424E-01   5.4044E-02   5.3124E-01  -2.2174E+04   1.0751E+01  -2.0160E-01   1.0753E+01   2.7617E+02   1.5745E-14  -1.2776E+04   3.7221E+02  -6.9796E+00   5.5266E-01
 5.3516E-01   5.3622E-02   5.5216E-01  -2.3009E+04   1.0590E+01  -2.2850E-01   1.0592E+01   2.7614E+02   1.4765E-14  -1.2661E+04   3.6662E+02  -7.9104E+00   5.4561E-01
 5.5640E-01   5.3152E-02   5.7341E-01  -2.3583E+04   1.0513E+01  -2.3832E-01   1.0516E+01   2.7613E+02   1.4212E-14  -1.2601E+04   3.6388E+02  -8.2487E+00   5.4168E-01
 5.7794E-01   5.2589E-02   5.9496E-01  -2.5039E+04   1.0326E+01  -3.0480E-01   1.0330E+01   2.7608E+02   1.2907E-14  -1.2390E+04   3.5736E+02  -1.0549E+01   5.3182E-01
 5.9975E-01   5.1917E-02   6.1677E-01  -2.5871E+04   1.0165E+01  -3.2723E-01   1.0170E+01   2.7605E+02   1.2071E-14  -1.2265E+04   3.5182E+02  -1.1325E+01   5.2476E-01
 6.2178E-01   5.1189E-02   6.3882E-01  -2.6592E+04   1.0118E+01  -3.4263E-01   1.0124E+01   2.7603E+02   1.1634E-14  -1.2195E+04   3.5000E+02  -1.1852E+01   5.2118E-01
 6.4401E-01   5.0338E-02   6.6107E-01  -2.8374E+04   9.9343E+00  -4.2332E-01   9.9433E+00   2.7597E+02   1.0392E-14  -1.1946E+04   3.4371E+02  -1.4646E+01   5.1020E-01
 6.6639E-01   4.9317E-02   6.8347E-01  -2.9819E+04   9.7630E+00  -4.7502E-01   9.7745E+00   2.7593E+02   9.4586E-15  -1.1777E+04   3.3777E+02  -1.6434E+01   5.0076E-01
 6.8889E-01   4.8181E-02   7.0599E-01  -3.0927E+04   9.6532E+00  -5.0524E-01   9.6664E+00   2.7591E+02   8.8948E-15  -1.1681E+04   3.3353E+02  -1.7457E+01   4.9438E-01
 7.1145E-01   4.6873E-02   7.2860E-01  -3.3067E+04   9.3375E+00  -5.9373E-01   9.3564E+00   2.7586E+02   7.5991E-15  -1.1485E+04   3.2285E+02  -2.0529E+01   4.7866E-01
 7.3405E-01   4.5350E-02   7.5124E-01  -3.4657E+04   8.9115E+00  -6.3419E-01   8.9341E+00   2.7587E+02   6.5711E-15  -1.1518E+04   3.0826E+02  -2.1938E+01   4.6202E-01
 7.5663E-01   4.3673E-02   7.7389E-01  -3.5954E+04   8.2853E+00  -6.4074E-01   8.3100E+00   2.7592E+02   5.5516E-15  -1.1721E+04   2.8614E+02  -2.2129E+01   4.4142E-01
 7.7916E-01   4.1784E-02   7.9650E-01  -3.7919E+04   7.3450E+00  -6.6387E-01   7.3749E+00   2.7594E+02   4.0703E-15  -1.1818E+04   2.5412E+02  -2.2968E+01   4.0899E-01
 8.0158E-01   3.9599E-02   8.1903E-01  -3.9055E+04   6.0459E+00  -6.3230E-01   6.0789E+00   2.7598E+02   2.8020E-15  -1.1952E+04   2.0909E+02  -2.1867E+01   3.6787E-01
 8.2385E-01   3.7084E-02   8.4144E-01  -3.7367E+04   3.8487E+00  -4.6710E-01   3.8770E+00   2.7604E+02   1.5895E-15  -1.2220E+04   1.3317E+02  -1.6162E+01   2.9749E-01
 8.4592E-01   3.4235E-02   8.6369E-01  -2.7219E+04   6.6939E-01  -9.1505E-02   6.7562E-01   2.7607E+02   6.8923E-16  -1.2363E+04   2.3166E+01  -3.1668E+00   1.3241E-01
 8.6776E-01   3.1067E-02   8.8575E-01  -9.9844E+03  -1.5414E+00   2.3675E-01   1.5595E+00   2.7559E+02   2.7967E-16  -1.0068E+04  -5.1982E+01   7.9838E+00   2.2955E-01
 8.8928E-01   2.7454E-02   9.0758E-01  -2.6742E+03  -1.4458E+00   2.6352E-01   1.4697E+00   2.7532E+02   2.0159E-16  -8.9881E+03  -4.8947E+01   8.9212E+00   2.3138E-01
 9.1046E-01   2.3393E-02   9.2915E-01   9.4251E+02  -1.1574E+00   2.3305E-01   1.1806E+00   2.7513E+02   1.1713E-16  -8.2200E+03  -3.9208E+01   7.8948E+00   2.1123E-01
 9.3125E-01   1.8903E-02   9.5042E-01   2.2130E+03  -8.5863E-01   1.9830E-01   8.8123E-01   2.7476E+02   5.1419E-17  -6.8223E+03  -2.9565E+01   6.8280E+00   1.8227E-01
 9.5158E-01   1.3926E-02   9.7136E-01   2.6127E+03  -8.2653E-01   2.1396E-01   8.5377E-01   2.7473E+02   6.4220E-17  -6.1191E+03  -2.6118E+01   6.7610E+00   1.8764E-01
 9.7139E-01   8.3577E-03   9.9194E-01   4.7548E+03  -5.4625E-01   1.6607E-01   5.7093E-01   2.7462E+02   1.7452E-15  -6.1794E+03  -1.8718E+01   5.6905E+00   1.4891E-01
 9.9058E-01   2.0458E-03   1.0121E+00   3.7301E+03  -1.4938E+01   5.3024E+00   1.5851E+01   3.3654E+02   1.4425E-05  -9.4909E+03  -2.1161E+01   7.5111E+00   1.5051E+01
